[1.25,59.76472]
[1.25,81.60366]
[21.04006,25.03587]
[0.28911,0.90637]
[0.05583,0.67411]
[0.38305,0.51184]
[7.14498,16.45219]
[7.23926,17.00685]
[12.58735,17.11233]
[0.12022,0.38123]
[0.025,0.40319]
[0.47343,0.61937]
[0.00466,0.062]
[0.0,0.07011]
[0.00661,0.05407]
[0.0,0.47124]
[0.0,0.57288]
[0.0,0.452]
[0.25091,0.83529]
[0.025,0.70436]
[0.06847,0.91393]
[3.86275,5.97013]
[3.18217,7.72706]
[1.25,24.22548]
[0.17085,2.98142]
[0.075,4.46356]
[15.05888,53.23864]
[0,0.4]
[0,0.4]
[0,0.4]
[0,0.4]
[0,0.4]
[0.025,12]
[0.025,12]
[0.025,12]
[0.025,12]
[0.025,12]
[0.0,4.77875]
