[2.5,59.76472]
[2.5,81.60366]
[22.84633,23.16359]
[0.28911,0.8]
[0.05583,0.64459]
[0.38305,0.50105]
[8.34519,16.45219]
[7.69445,17.00685]
[12.99262,17.11233]
[0.12022,0.32837]
[0.08474,0.36408]
[0.47343,0.5976]
[0.00466,0.05819]
[0.00806,0.06]
[0.00661,0.05407]
[0.0015,0.47124]
[0.00337,0.46143]
[0.0521,0.452]
[0.30066,0.8]
[0.06149,0.70436]
[0.06847,0.8]
[3.86275,5.61581]
[3.18217,7.17683]
[2.5,21.3858]
[0.17085,2.32414]
[0.15,3.78838]
[18.37196,53.23864]
[0.06846,0.2372]
[0.00075,0.20726]
[0.0,0.20072]
[0.0,0.17927]
[0.0,0.19307]
[0.23046,6.2649]
[2.36583,7.20641]
[1.61008,7.19462]
[1.80283,6.56757]
[0.0,7.01233]
[0.0,4.77875]
