[2.5,76.8983]
[2.5,98.94058]
[22.84633,23.16359]
[0.22165,0.8]
[0.05,0.64459]
[0.37292,0.50105]
[8.34519,19.44086]
[7.69445,18.93621]
[12.99262,18.82356]
[0.11415,0.32837]
[0.08474,0.36408]
[0.43826,0.5976]
[0.00391,0.05819]
[0.00806,0.06]
[0.00087,0.05863]
[0.0015,0.49966]
[0.00337,0.46143]
[0.0521,0.5413]
[0.30066,0.8]
[0.06149,0.72292]
[0.05,0.8]
[3.02416,5.61581]
[2.53306,7.17683]
[2.5,21.3858]
[0.15,2.32414]
[0.15,3.78838]
[18.37196,54.0]
[3.33e-05,0.2]
[3.33e-05,0.2]
[3.33e-05,0.2]
[3.33e-05,0.2]
[3.33e-05,0.2]
[0.05,6.0]
[0.05,6.0]
[0.05,6.0]
[0.47398,6.0]
[0.05,6.0]
[0.0,8.32017]
