[0,66.69338]
[0,89.85012]
[3.95931,103.02225]
[0,0.68086]
[0,0.6619]
[0,0.48731]
[9.78177,18.76688]
[7.94237,19.6306]
[9.51331,97.53886]
[0.15873,0.42209]
[0.11388,0.46218]
[0,0.52725]
[0,0.05193]
[0.00037,0.05445]
[0,0.0545]
[0,0.6]
[0,0.35642]
[0,0.48013]
[0.21279,0.78925]
[0.10422,0.63763]
[0,0.66814]
[2.9452,7.06555]
[0,7.90952]
[0,16.34523]
[0.3956,2.68491]
[0,2.8648]
[0,52.20934]
[0,0.0926]
[0,0.10024]
[0,0.09927]
[0,0.08359]
[0,0.08121]
[0.23729,4.97468]
[0.35804,4.5944]
[0.68429,5.09942]
[0.74335,5.33436]
[0.24047,4.87427]
