0,0,0,0,0,0,0,0,0,0
1,15.8427,50.5971,54.1225,23.544,259.61,0,0.31669,10.2057,97.874
2,28.3126,86.6047,97.5048,115.517,382.957,0,54.071,419.358,808.567
3,38.1279,112.23,132.278,167.933,449.294,0,198.433,1142.06,1768.66
4,45.8536,130.466,160.151,206.951,492.955,0,400.183,1952.49,2814.05
5,51.9345,143.444,182.493,237.798,523.028,0,631.344,2744.06,3845.27
6,56.7209,152.679,200.401,262.706,544.268,0,871.409,3466.6,4806.22
7,60.4884,159.252,214.755,282.999,559.494,0,1106.35,4100.65,5669.16
8,63.4538,163.929,226.261,299.596,570.512,0,1327.25,4643.2,6424.16
9,65.7879,167.258,235.484,313.189,578.535,0,1529.04,5099.61,7072.11
10,65.4323,169.627,242.876,324.322,584.4,0,1709.4,5478.99,7619.94
11,53.7903,171.313,248.801,320.736,594.085,0,1850.22,5767.33,8087.6
12,42.6046,172.512,253.551,286.493,616.445,0,1823.18,5797.19,8581.28
13,33.6095,154.989,256.863,249.59,635.596,0,1644.49,5570.84,9139.39
14,26.487,110.577,212.206,232.341,563.266,0,1430.75,5095.44,9351.98
15,20.8662,78.7065,170.135,216.619,492.196,0,1246.69,4454.73,8964.8
16,16.4356,56.015,136.379,200.45,430.599,0,1082.73,3785.6,8243.75
17,12.9449,39.8646,109.318,184.351,377.253,0,934.306,3156.95,7369.79
18,10.1954,28.3705,87.6253,168.668,331.034,0,799.981,2598.6,6456.29
19,8.03007,20.1904,70.2372,153.631,290.958,0,679.391,2119.18,5570.96
20,6.3252,14.3689,56.2995,139.382,256.17,0,572.338,1716.47,4751.31
21,4.98372,10.2259,45.1275,126.006,225.93,0,478.431,1383.22,4015.27
22,3.92922,7.27746,36.1725,113.549,199.601,0,397.016,1110.34,3368.46
23,3.10128,5.17919,28.9945,102.03,176.634,0,327.21,888.624,2809.11
24,2.45232,3.68595,23.2409,91.4456,156.56,790.747,267.976,709.518,2331.28
25,1.94525,2.62333,18.6291,81.7817,138.976,3186.49,218.196,565.482,1926.99
26,1.55137,1.86717,14.9325,73.0199,123.534,6327.46,176.744,450.071,1587.51
27,1.24885,1.32913,11.9696,65.1465,109.932,9674.39,142.537,357.892,1304.18
28,1.02166,0.946353,9.59476,58.1612,97.9056,12920.5,114.576,284.506,1068.86
29,0.858907,0.674109,7.69135,52.0888,87.2156,15905.2,91.9653,226.301,874.177
30,0.754692,0.480598,6.16586,46.9975,77.6416,18557.7,73.9314,180.376,713.583
31,0.708522,0.343223,4.94341,43.0242,68.9697,20860.4,59.8383,144.429,581.381
32,1.19622,0.245954,3.96399,40.4118,60.9828,22826.2,49.2079,116.662,472.666
33,6.66364,0.177469,3.1796,50.4996,51.8996,24483.4,43.4153,97.5559,383.062
34,16.37,0.129839,2.55186,135.437,29.3223,25867.1,94.918,104.27,304.681
35,26.6015,0.106216,2.05019,233.582,14.1242,27013.9,344.616,109.705,236.133
36,35.7591,0.494223,1.65037,309.766,9.37813,27958.7,804.124,103.051,181.677
37,43.4649,2.34291,1.33343,368.147,12.3508,28119.8,1397.57,107.344,139.83
38,49.7708,6.97678,1.08486,410.179,26.4636,26507.3,2035.07,168.651,109.449
39,54.8572,15.674,0.894165,436.297,55.5856,23943.4,2628.68,350.709,94.79
40,58.9259,29.0259,0.754701,447.74,101.169,21024,3105.57,710.414,113.187
41,62.1633,46.3514,0.663821,447.73,160.03,18096.6,3424.99,1262.76,199.906
42,64.7027,65.8126,0.623292,440.872,225.066,15351,3587.63,1963.88,399.159
43,66.0974,85.233,0.639433,431.169,288.748,12879.2,3625.72,2731.82,742.54
44,63.7771,102.896,0.721518,418.478,346.788,10713.7,3575.2,3481.4,1234.14
45,56.852,116.601,0.86625,395.062,399.977,8852.82,3429.75,4128.61,1860.91
46,48.1131,109.621,0.856254,364.669,430.623,7276.19,3167.22,4564.47,2575.81
47,39.6659,83.2772,0.701239,345.709,397.999,5954.68,2869.43,4619.27,3108.12
48,32.2924,60.3411,0.563806,329.331,348.11,4856.17,2601.44,4315.93,3283.87
49,26.1337,43.3027,0.452368,311.363,301.602,3949,2353,3828.84,3198.23
50,21.0981,30.978,0.362781,292.376,260.597,3203.75,2114.51,3285.58,2960.73
51,17.0262,22.1336,0.29089,273.096,224.919,2594.09,1884.63,2757.32,2648.82
52,13.7526,15.8072,0.233232,254.037,194.041,2097.06,1665.64,2278.54,2312.57
53,11.1304,11.289,0.187001,235.54,167.387,1693,1460.48,1862.3,1982.44
54,9.04207,8.06467,0.149938,217.842,144.411,1365.28,1271.52,1510.01,1675.57
55,7.39279,5.76465,0.120228,201.146,124.603,1099.99,1100.3,1217.28,1400.36
56,6.09384,4.12425,0.0964143,185.62,107.501,885.613,947.575,977.251,1159.67
57,5.0697,2.95477,0.077329,171.318,92.7234,712.618,813.279,782.328,953.039
58,4.26335,2.12187,0.0620379,158.241,79.951,573.212,696.578,625.151,778.166
59,3.63185,1.52906,0.0497925,146.384,68.9058,461.032,596.181,499.081,631.845
60,3.14229,1.10705,0.0399913,135.75,59.3394,370.919,510.604,398.368,510.541
61,2.76924,0.806658,0.0321527,126.343,51.0357,298.711,438.33,318.156,410.736
62,2.49301,0.593016,0.0258922,118.174,43.8112,241.093,377.894,254.422,329.141
63,2.29847,0.4414,0.0209043,111.256,37.5121,195.467,327.937,203.871,262.792
64,2.1741,0.334245,0.0169472,105.603,32.0112,159.871,287.233,163.83,209.095
65,2.11117,0.259072,0.0138316,101.23,27.2051,132.93,254.706,132.142,165.821
66,2.1031,0.207021,0.0114117,98.1418,23.0126,113.839,229.432,107.074,131.083
67,2.14504,0.171808,0.00957938,96.3327,19.3717,102.339,210.639,87.2403,103.303
68,2.23341,0.148979,0.00825947,95.7755,16.2357,98.5657,197.695,71.5399,81.1709
69,2.3654,0.135373,0.00740759,96.4188,13.5685,100.336,190.093,59.1034,63.6053
70,2.53845,0.128748,0.00700934,98.1845,11.3383,98.3465,187.439,49.2532,49.7182
71,2.74962,0.127507,0.00708103,100.967,9.51308,91.3083,189.418,41.4675,38.7818
72,2.99531,0.130495,0.00767115,104.637,8.0566,81.7078,195.768,35.349,30.2019
73,3.27136,0.136838,0.00886121,109.047,6.92722,71.2934,206.242,30.5962,23.4945
74,3.5742,0.145827,0.0107634,114.047,6.07873,61.0915,220.586,26.9775,18.268
75,3.90322,0.15684,0.0135112,119.503,5.46269,51.6522,238.53,24.3098,14.207
76,4.26353,0.169333,0.017238,125.339,5.0311,43.2279,259.839,22.4419,11.0596
77,4.66297,0.182911,0.0220377,131.557,4.73931,35.8918,284.408,21.2449,8.62545
78,5.06273,0.197528,0.0279084,138.183,4.55029,29.6149,312.352,20.607,6.74639
79,5.3581,0.213738,0.0346878,144.698,4.4488,24.3142,343.409,20.4283,5.29858
80,5.47531,0.232694,0.0420068,149.988,4.45061,19.8823,375.382,20.6271,4.18673
81,5.39612,0.253267,0.0492967,153.25,4.57364,16.2057,404.403,21.1665,3.33888
82,5.14393,0.268107,0.0558736,154.189,4.77585,13.1747,426.565,21.985,2.69972
83,4.76458,0.271247,0.0610853,152.898,4.95967,10.6886,439.149,22.856,2.22264
84,4.30924,0.26159,0.0644658,149.679,5.05312,8.65786,441.077,23.458,1.8663
85,3.82303,0.241481,0.0658293,144.915,5.02723,7.00512,432.738,23.5358,1.5955
86,3.33987,0.214762,0.0652716,138.986,4.8852,5.6643,415.548,22.9783,1.38241
87,2.88228,0.185258,0.0630947,132.235,4.64866,4.57993,391.453,21.815,1.20697
88,2.46434,0.15596,0.0597004,124.946,4.34602,3.70594,362.53,20.1707,1.05614
89,2.09441,0.128802,0.055496,117.366,4.0046,3.0045,330.735,18.2118,0.922303
90,1.77594,0.104788,0.0508347,109.714,3.6465,2.44495,297.788,16.104,0.8015
91,1.50837,0.0842951,0.0460024,102.178,3.28802,2.00283,265.111,13.9872,0.691935
92,1.28864,0.0673405,0.0412474,94.9123,2.94119,1.65912,233.804,11.9657,0.592902
93,1.1126,0.0537022,0.0367859,88.042,2.61508,1.39962,204.651,10.1092,0.504156
94,0.976092,0.0430035,0.032779,81.6706,2.31586,1.21455,178.158,8.45799,0.425532
95,0.875619,0.0348055,0.0293263,75.8916,2.04692,1.09832,154.607,7.02861,0.356745
96,0.808831,0.0286818,0.0264793,70.7983,1.80947,1.04939,134.115,5.81999,0.297312
97,0.774897,0.024263,0.0242626,66.4939,1.60323,1.07021,116.696,4.81966,0.246566
98,0.774866,0.0212569,0.0226942,63.1009,1.42715,1.16703,102.309,4.00897,0.203709
99,0.812106,0.0194545,0.0218015,60.7705,1.27994,1.34916,90.9084,3.36718,0.167882
100,0.892831,0.0187314,0.0216372,59.6876,1.16047,1.62758,82.496,2.87441,0.13822
101,1.02677,0.01905,0.0222943,60.0711,1.0681,2.01217,77.1712,2.51373,0.1139
102,1.22789,0.0204641,0.0239242,62.1634,1.00286,2.5076,75.1962,2.27277,0.0941775
103,1.51498,0.0231313,0.0267587,66.2092,0.965541,3.10818,77.0704,2.14499,0.0784025
104,1.91155,0.0273313,0.0311378,72.424,0.957606,3.79335,83.6134,2.13121,0.0660379
105,2.4442,0.0334933,0.0375442,80.9569,0.981081,4.52583,96.039,2.24127,0.0566694
106,3.13781,0.0422277,0.046644,91.8499,1.03858,5.25448,115.988,2.49593,0.0500202
107,4.00605,0.0543524,0.0593236,104.989,1.1336,5.92214,145.459,2.92892,0.0459732
108,5.03629,0.070888,0.0767031,120.04,1.27109,6.47604,186.555,3.5887,0.0446122
109,6.17155,0.0929695,0.100079,136.382,1.45793,6.87725,240.941,4.53905,0.0462889
110,7.298,0.121582,0.130715,153.057,1.70265,7.10599,308.971,5.8561,0.051725
111,8.25161,0.156999,0.169354,168.8,2.01367,7.16183,388.615,7.61744,0.0621385
112,8.85582,0.197862,0.215369,182.173,2.39488,7.05991,474.621,9.87674,0.0793291
113,8.98574,0.240137,0.265651,191.844,2.83785,6.82524,558.567,12.6192,0.105548
114,8.62652,0.276789,0.313881,196.929,3.31233,6.48718,630.355,15.7045,0.142832
115,7.8804,0.299388,0.351355,197.259,3.76132,6.07584,680.949,18.8266,0.191543
116,6.91312,0.301795,0.370065,193.377,4.11131,5.62066,705.078,21.5429,0.248543
117,5.88323,0.283589,0.366588,186.262,4.29951,5.14909,702.387,23.3976,0.306542
118,4.90128,0.250163,0.343635,176.965,4.30141,4.68502,676.583,24.0897,0.356057
119,4.0257,0.209503,0.30799,166.378,4.13662,4.24772,633.523,23.577,0.389132
120,3.27692,0.168623,0.266969,155.162,3.85208,3.8518,579.416,22.0559,0.402116
121,2.65335,0.131897,0.22608,143.778,3.49975,3.50798,519.72,19.8525,0.395919
122,2.14305,0.101176,0.188511,132.538,3.12256,3.22429,458.701,17.3079,0.374453
123,1.73053,0.0766485,0.155636,121.649,2.75022,3.00754,399.406,14.703,0.342724
124,1.40027,0.0576645,0.127717,111.254,2.4006,2.86481,343.829,12.2331,0.305472
125,1.13831,0.0432809,0.104452,101.446,2.08297,2.80517,293.138,10.0115,0.266503
126,0.932858,0.0325518,0.0853048,92.2912,1.80096,2.8415,247.89,8.08878,0.228521
127,0.774389,0.0246528,0.0696878,83.8384,1.55479,2.99262,208.219,6.47227,0.193238
128,0.655607,0.0189166,0.0570449,76.1299,1.34286,3.28598,173.981,5.14383,0.161578
129,0.571386,0.0148284,0.0468881,69.2121,1.16268,3.76075,144.866,4.07235,0.133902
130,0.518777,0.0120067,0.0388089,63.1467,1.01156,4.47151,120.482,3.22217,0.110198
131,0.497186,0.0101823,0.0324789,58.0237,0.886988,5.49193,100.417,2.55829,0.0902275
132,0.508774,0.00918104,0.027648,53.9775,0.786909,6.91693,84.2885,2.04924,0.0736343
133,0.559207,0.00891356,0.0241425,51.204,0.709948,8.86032,71.7882,1.66867,0.0600181
134,0.658872,0.00937244,0.0218683,49.9765,0.655507,11.4419,62.7318,1.39608,0.0489814
135,0.824752,0.0106404,0.0208192,50.6522,0.623822,14.7554,57.129,1.21744,0.0401606
136,1.08312,0.0129117,0.0210956,53.66,0.615893,18.8106,55.2911,1.12603,0.0332445
137,1.47306,0.0165334,0.0229359,59.4638,0.633367,23.4542,57.9928,1.12385,0.0279881
138,2.05034,0.0220754,0.026768,68.5098,0.678517,28.3066,66.6985,1.22401,0.0242254
139,2.88956,0.0304458,0.0332877,81.1801,0.754647,32.7799,83.8403,1.45442,0.0218877
140,4.08009,0.0430738,0.0435725,97.7497,0.867191,36.2259,113.106,1.8638,0.0210378
141,5.70704,0.0621897,0.0592356,118.308,1.02559,38.1588,159.623,2.53122,0.021938
142,7.80843,0.0912233,0.0826054,142.597,1.24597,38.4151,229.757,3.58138,0.025194
143,10.31,0.135277,0.116861,169.778,1.55459,37.1557,330.052,5.20713,0.0320506
144,12.9659,0.2014,0.165921,198.251,1.99145,34.7444,464.845,7.69808,0.0449968
145,15.3527,0.297803,0.233631,225.672,2.61151,31.6046,632.726,11.4643,0.0689409
146,16.957,0.430118,0.321495,249.246,3.47669,28.1174,823.151,17.0174,0.113226
147,17.3662,0.592602,0.424457,266.242,4.62592,24.5766,1015.4,24.8243,0.194094
148,16.5034,0.756944,0.526436,274.747,6.01218,21.1832,1182.06,34.9339,0.334591
149,14.7023,0.873361,0.601789,274.489,7.43363,18.0583,1297.59,46.4444,0.554656
150,12.4867,0.898532,0.628217,267.01,8.55856,15.2631,1348.3,57.3046,0.847893
151,10.2825,0.829255,0.602374,254.727,9.10637,12.8172,1336.15,65.0361,1.16486
152,8.31447,0.700821,0.54014,239.8,9.02408,10.7139,1274.13,68.0368,1.43277
153,6.65469,0.556186,0.4627,223.685,8.46491,8.93127,1178.72,66.2751,1.59781
154,5.29649,0.42369,0.385424,207.246,7.64277,7.44016,1064.85,60.9135,1.64644
155,4.20283,0.314766,0.315954,190.988,6.72902,6.20942,944.005,53.4985,1.59645
156,3.32997,0.23042,0.256725,175.215,5.82877,5.20948,824.173,45.3752,1.4783
157,2.63692,0.167257,0.207598,160.118,4.99565,4.4148,710.489,37.4715,1.32187
158,2.08852,0.120845,0.167435,145.813,4.25172,3.80559,605.946,30.3155,1.15072
159,1.65572,0.087113,0.13486,132.367,3.60186,3.36957,512.02,24.1384,0.981029
160,1.31508,0.0627593,0.108557,119.817,3.04229,3.10392,429.149,18.982,0.822699
161,1.04792,0.0452549,0.0873791,108.173,2.56528,3.01806,357.102,14.7817,0.680904
162,0.839546,0.0327184,0.070364,97.4354,2.16165,3.13787,295.238,11.423,0.557596
163,0.678576,0.0237738,0.0567207,87.5943,1.82206,3.51191,242.693,8.77577,0.452697
164,0.556414,0.0174264,0.0458079,78.6408,1.53774,4.22049,198.504,6.71327,0.364955
165,0.46689,0.0129639,0.0371104,70.5728,1.30078,5.38808,161.698,5.12182,0.292535
166,0.406086,0.00988291,0.0302201,63.4045,1.10432,7.19823,131.348,3.9043,0.233398
167,0.372358,0.00783565,0.024819,57.1776,0.942583,9.90634,106.611,2.98064,0.185529
168,0.366646,0.00659316,0.0206679,51.9783,0.810967,13.8365,86.7473,2.28659,0.147065
169,0.393165,0.00602226,0.0175996,47.959,0.706042,19.3312,71.1479,1.77186,0.116356
170,0.460693,0.00607498,0.0155177,45.3651,0.625643,26.6056,59.3566,1.39829,0.0919819
171,0.584797,0.00679083,0.0144023,44.5629,0.568951,35.4752,51.1164,1.13837,0.0727539
172,0.791549,0.00831527,0.0143254,46.0548,0.536528,45.0605,46.4585,0.97439,0.0576956
173,1.12357,0.010942,0.0154807,50.4665,0.530207,53.7935,45.8697,0.898891,0.0460268
174,1.64943,0.0151951,0.0182336,58.4994,0.552811,59.9954,50.5839,0.916571,0.0371478
175,2.47663,0.0219832,0.0232039,70.8778,0.608046,62.6859,63.039,1.04856,0.0306331
176,3.76444,0.0328888,0.0313962,88.3271,0.701309,61.911,87.5367,1.34014,0.0262422
177,5.72064,0.050717,0.0444012,111.532,0.842417,58.4384,131.104,1.87484,0.0239675
178,8.54644,0.0805379,0.0646896,140.901,1.05118,53.2606,204.29,2.8015,0.0241766
179,12.2974,0.131603,0.0960033,176.024,1.36708,47.2615,320.896,4.38647,0.0279964
180,16.7158,0.220525,0.143754,215.05,1.86461,41.0927,494.756,7.11123,0.0383445
181,21.1898,0.375136,0.215078,254.669,2.67316,35.1752,732.701,11.8388,0.0626703
182,24.8803,0.634247,0.317569,290.873,3.99015,29.7478,1026.67,20.0316,0.119926
183,26.9,1.02907,0.454745,319.745,6.04795,24.9211,1349.86,33.8212,0.255887
184,26.6153,1.52965,0.616529,337.795,8.95742,20.7229,1658.66,55.33,0.565432
185,24.175,1.98855,0.769224,342.879,12.4066,17.1313,1901.55,84.5326,1.18862
186,20.5658,2.1993,0.862772,336.015,15.4947,14.0976,2038.4,116.666,2.20664
187,16.8217,2.08187,0.865959,321.195,17.2071,11.5608,2060.32,143.025,3.46913
188,13.489,1.74698,0.792559,302.465,17.2383,9.45739,1987.76,156.418,4.61723
189,10.7174,1.35695,0.681807,282.248,16.0575,7.726,1851.99,155.499,5.35295
190,8.47941,1.00957,0.566228,261.711,14.3083,6.31095,1681.07,143.74,5.60148
191,6.69565,0.734859,0.461876,241.44,12.43,5.16349,1495.74,126.005,5.45013
192,5.28223,0.529251,0.373524,221.778,10.6414,4.24248,1309.95,106.307,5.03607
193,4.16547,0.379242,0.300852,202.943,9.02971,3.51462,1132.51,87.2182,4.4829
194,3.2845,0.271089,0.241855,185.073,7.61848,2.95463,968.553,70.0879,3.88137
195,2.59026,0.193552,0.194247,168.25,6.40338,2.54579,820.666,55.4425,3.29036
196,2.04365,0.138124,0.155943,152.514,5.36844,2.28097,689.717,43.3265,2.74389
197,1.61369,0.0985642,0.125172,137.874,4.4936,2.16477,575.466,33.5357,2.2586
198,1.27596,0.0703597,0.100478,124.32,3.75817,2.2172,476.992,25.7607,1.83981
199,1.01127,0.0502695,0.0806748,111.826,3.1425,2.47995,392.991,19.6683,1.48601
200,0.804663,0.0359743,0.0648073,100.361,2.62871,3.02638,321.983,14.9443,1.19192
201,0.644569,0.0258195,0.0521066,89.8886,2.20099,3.97717,262.449,11.312,0.950562
202,0.522237,0.0186273,0.0419572,80.3757,1.84559,5.52329,212.92,8.53844,0.754486
203,0.431313,0.0135631,0.0338689,71.7979,1.55078,7.95701,172.028,6.43307,0.596498
204,0.367626,0.0100394,0.0274549,64.1463,1.30668,11.705,138.539,4.84337,0.470052
205,0.329181,0.00764888,0.0224141,57.4392,1.10506,17.339,111.37,3.64938,0.369415
206,0.316432,0.00611866,0.0185193,51.7368,0.939296,25.4981,89.592,2.75806,0.289691
207,0.33297,0.00528099,0.0156101,47.1646,0.804237,36.5986,72.441,2.09833,0.22679
208,0.386875,0.00505826,0.0135911,43.9442,0.696247,50.2414,59.3283,1.61683,0.177339
209,0.493209,0.0054623,0.0124363,42.4325,0.613325,64.6013,49.8726,1.27466,0.138596
210,0.678574,0.00661166,0.0122038,43.1594,0.555297,76.6898,43.9763,1.04527,0.108357
211,0.98938,0.00877697,0.0130625,46.8477,0.523981,83.8979,41.9932,0.913723,0.0848705
212,1.50652,0.0124771,0.0153397,54.3986,0.523094,85.4161,45.0613,0.878231,0.0667713
213,2.36923,0.0186766,0.0196005,66.8605,0.557907,82.1443,55.7107,0.954999,0.0530268
214,3.80407,0.0291943,0.0267759,85.417,0.635501,75.6935,78.8858,1.18845,0.0429163
215,6.12735,0.0475675,0.0383679,111.305,0.767944,67.5912,123.502,1.671,0.0360585
216,9.63992,0.0808758,0.0567656,145.32,0.981552,58.9734,204.133,2.58357,0.0325694
217,14.3712,0.143458,0.085705,186.714,1.33524,50.5711,340.696,4.28266,0.033608
218,19.8772,0.263658,0.130853,232.382,1.94958,42.7995,552.407,7.48387,0.0431123
219,25.3587,0.492764,0.200284,277.697,3.04391,35.8566,846.351,13.6055,0.0731644
220,29.9156,0.905916,0.304014,318.261,4.95887,29.8024,1208.94,25.2514,0.159548
221,32.6162,1.56594,0.450449,350.522,8.08416,24.6155,1605.82,46.4149,0.399286
222,32.5851,2.42282,0.636274,371.207,12.5697,20.23,1986.15,81.1796,1.00744
223,29.7003,3.2145,0.830251,377.518,17.8668,16.5599,2288.85,129.675,2.30906
224,25.1645,3.57048,0.969725,369.773,22.5394,13.5132,2461.18,183.428,4.49288
225,20.4561,3.3484,0.999863,352.726,24.9879,11.0008,2488.5,227.029,7.20534
226,16.3235,2.76184,0.925141,331.593,24.7872,8.9404,2397.69,248.13,9.61416
227,12.9286,2.10803,0.796188,309.193,22.8053,7.25939,2230.28,245.144,11.0728
228,10.2088,1.54753,0.659011,286.654,20.107,5.89492,2021.88,224.776,11.4764
229,8.05084,1.11656,0.535723,264.491,17.3349,4.79397,1797.56,195.504,11.0622
230,6.34531,0.79979,0.432174,243.026,14.7638,3.9129,1573.71,163.84,10.1397
231,4.99982,0.571146,0.347528,222.476,12.4828,3.21687,1360.52,133.696,8.96602
232,3.93938,0.407324,0.279079,202.984,10.5045,2.67953,1163.85,106.981,7.72081
233,3.10412,0.290316,0.223973,184.635,8.81137,2.28309,986.62,84.3475,6.51598
234,2.44656,0.206867,0.179697,167.468,7.37518,2.01901,829.745,65.7465,5.41368
235,1.9292,0.1474,0.144159,151.492,6.16467,1.88986,692.871,50.7887,4.44235
236,1.52247,0.105043,0.115651,136.692,5.14919,1.9126,574.855,38.9537,3.60908
237,1.20312,0.0748877,0.0927944,123.038,4.30035,2.12454,474.119,29.7048,2.90837
238,0.952954,0.0534291,0.0744774,110.492,3.59272,2.59307,388.882,22.5472,2.32813
239,0.757796,0.0381711,0.059808,99.0079,3.00398,3.43144,317.323,17.051,1.85339
240,0.606721,0.0273367,0.0480712,88.5419,2.51484,4.82324,257.682,12.8574,1.46871
241,0.4915,0.0196637,0.0386965,79.054,2.10887,7.05822,208.321,9.67465,1.15943
242,0.406218,0.0142585,0.0312301,70.5149,1.77214,10.5785,167.754,7.27015,0.912348
243,0.34709,0.0104922,0.025315,62.9129,1.493,16.0188,134.671,5.46125,0.716001
244,0.312508,0.00792894,0.0206746,56.2657,1.2618,24.1835,107.934,4.10633,0.560657
245,0.303377,0.00627633,0.0171019,50.6366,1.07069,35.8176,86.5859,3.09675,0.438207
246,0.323939,0.00535423,0.0144538,46.1596,0.913482,50.9705,69.8453,2.35022,0.341991
247,0.383372,0.00507907,0.0126501,43.0742,0.785675,68.0347,57.1206,1.8053,0.266602
248,0.498848,0.00546411,0.0116799,41.77,0.684593,83.4937,48.0431,1.41734,0.207687
249,0.701291,0.0066409,0.0116175,42.8339,0.609725,93.6158,42.5555,1.15568,0.161776
250,1.0463,0.00891545,0.0126527,47.0814,0.563116,96.7925,41.1125,1.00263,0.126125
251,1.63415,0.0128911,0.0151424,55.5589,0.549491,93.8889,45.0943,0.955174,0.0985952
252,2.64225,0.0197307,0.019697,69.5314,0.575891,86.9029,57.5926,1.03121,0.0775559
253,4.35922,0.031725,0.0273214,90.4654,0.651866,77.7744,84.7838,1.2833,0.0618329
254,7.16063,0.0535394,0.0396398,119.8,0.793809,67.9323,137.993,1.82599,0.0507339
255,11.3153,0.0949224,0.059245,158.04,1.03865,58.2828,235.47,2.89337,0.0442746
256,16.668,0.176237,0.0902091,203.349,1.47031,49.3354,400.217,4.96747,0.0440364
257,22.5662,0.338018,0.138732,251.366,2.25839,41.3327,650.116,9.05185,0.0560561
258,28.1424,0.651085,0.213661,297.101,3.70103,34.3506,985.267,17.1605,0.100085
259,32.5298,1.2081,0.325894,336.609,6.22612,28.3671,1383.31,32.8942,0.236253
260,34.8033,2.05903,0.484133,366.827,10.2326,23.3075,1803.19,61.3172,0.623778
261,34.0779,3.08374,0.682972,384.649,15.6899,19.0728,2189.71,106.516,1.58691
262,30.4364,3.92012,0.884632,387.409,21.6961,15.5571,2479.37,166.236,3.54003
263,25.4018,4.16184,1.01837,376.284,26.4819,12.6571,2622.39,227.759,6.58626
264,20.4783,3.74953,1.03034,356.966,28.4288,10.278,2614.38,272.664,10.0627
265,16.2777,3.00339,0.936599,334.568,27.4841,8.33528,2491.73,289.296,12.8626
266,12.8696,2.25214,0.795988,311.413,24.8608,6.75589,2299.26,279.118,14.3285
267,10.1536,1.63808,0.654098,288.345,21.7035,5.47786,2072.08,251.427,14.4964
268,8.00361,1.17663,0.529797,265.779,18.6072,4.44963,1833.88,215.881,13.7346
269,6.30633,0.84101,0.426654,243.999,15.7956,3.62922,1599.84,179.233,12.4335
270,4.96816,0.599926,0.342803,223.202,13.3277,2.98359,1379.17,145.257,10.8935
271,3.91385,0.427582,0.275164,203.518,11.2002,2.48814,1177.06,115.641,9.31523
272,3.0836,0.304632,0.220774,185.018,9.3864,2.12686,995.875,90.8241,7.81898
273,2.43009,0.217003,0.177101,167.733,7.85181,1.89311,836.149,70.5868,6.46839
274,1.91596,0.154582,0.142059,151.665,6.56075,1.79159,697.233,54.4047,5.28953
275,1.51179,0.110134,0.113955,136.794,5.47912,1.84205,577.765,41.6546,4.28531
276,1.19446,0.0784957,0.0914251,123.086,4.57584,2.08571,476.004,31.7223,3.44537
277,0.945881,0.0559845,0.073372,110.497,3.82329,2.59602,390.052,24.0543,2.75273
278,0.75195,0.0399785,0.0589149,98.9795,3.19741,3.49589,318.001,18.1771,2.18793
279,0.601812,0.0286123,0.0473486,88.4879,2.67749,4.98477,258.026,13.699,1.73149
280,0.48729,0.0205608,0.0381103,78.9801,2.24592,7.37836,208.442,10.3038,1.36532
281,0.402506,0.0148855,0.0307529,70.4247,1.88781,11.1597,167.731,7.74064,1.07331
282,0.343708,0.0109261,0.0249244,62.8091,1.59073,17.0227,134.556,5.81325,0.841613
283,0.309311,0.00822394,0.0203524,56.1495,1.34435,25.8406,107.764,4.36983,0.658523
284,0.300254,0.00647061,0.0168333,50.5087,1.14022,38.391,86.3826,3.29419,0.514349
285,0.320822,0.00547447,0.0142263,46.0201,0.971664,54.6093,69.6234,2.4984,0.401156
286,0.380303,0.00514386,0.0124535,42.9243,0.833702,72.5217,56.8876,1.91687,0.31252
287,0.496126,0.00548667,0.0115056,41.6143,0.723272,88.1507,47.8029,1.50183,0.243281
288,0.699874,0.00663177,0.0114585,42.6858,0.639587,97.6574,42.3114,1.22025,0.189332
289,1.04877,0.00888664,0.0125032,46.9728,0.584637,99.7902,40.8756,1.0526,0.14743
290,1.64695,0.0128647,0.0149986,55.5556,0.563431,95.8399,44.9064,0.994371,0.115042
291,2.68011,0.0197605,0.0195578,69.7554,0.583628,88.0234,57.5875,1.06257,0.0902306
292,4.45099,0.0319516,0.0271909,91.1133,0.655541,78.3159,85.3339,1.31027,0.071584
293,7.34845,0.054334,0.0395319,121.122,0.796508,68.1025,139.984,1.85563,0.0582292
294,11.6324,0.0972436,0.0591928,160.221,1.04558,58.2315,240.596,2.94329,0.0500676
295,17.1072,0.182446,0.0902823,206.32,1.49208,49.163,410.828,5.08241,0.0486974
296,23.0824,0.353412,0.13907,254.808,2.31691,41.1035,668.204,9.34249,0.0605835
297,28.6858,0.685672,0.214529,300.658,3.83682,34.1041,1011.39,17.8788,0.107332
298,33.0637,1.27588,0.327763,340.038,6.4995,28.1261,1416.44,34.5298,0.255299
299,35.2939,2.17083,0.487732,369.997,10.7034,23.0845,1841.26,64.6079,0.679654
300,34.4779,3.23581,0.689119,387.464,16.3775,18.8734,2230.12,112.198,1.73177
301,30.7139,4.08905,0.893502,389.756,22.5538,15.383,2519.12,174.552,3.84775
302,25.5799,4.31492,1.02854,378.131,27.4025,12.5076,2658.56,238.097,7.11329
303,20.5972,3.86615,1.03931,358.437,29.2886,10.1511,2645.35,283.742,10.796
304,16.3629,3.08383,0.943017,335.805,28.2137,8.22852,2517.46,299.824,13.7198
305,12.9334,2.30639,0.800163,312.492,25.4582,6.6666,2320.43,288.319,15.2134
306,10.2026,1.67518,0.656863,289.298,22.1926,5.40345,2089.46,259.062,15.3396
307,8.04161,1.20245,0.531751,266.625,19.0109,4.38769,1848.13,222.025,14.4979
308,6.33597,0.859184,0.428115,244.751,16.1305,3.57761,1611.51,184.086,13.1011
309,4.99132,0.612781,0.343931,223.873,13.6063,2.94039,1388.73,149.043,11.4631
310,3.93197,0.436698,0.276049,204.116,11.4321,2.45171,1184.87,118.569,9.79234
311,3.09778,0.311104,0.221475,185.552,9.5796,2.09577,1002.25,93.0735,8.21295
312,2.44118,0.2216,0.177658,168.21,8.01287,1.86614,841.342,72.3059,6.79005
313,1.92462,0.157848,0.142501,152.092,6.6951,1.76772,701.455,55.7133,5.54978
314,1.51853,0.112455,0.114307,137.175,5.59131,1.82047,581.191,42.6473,4.49432
315,1.19969,0.0801439,0.0917055,123.426,4.66962,2.0659,478.778,32.4733,3.61221
316,0.949903,0.0571545,0.0735948,110.8,3.90178,2.57788,392.292,24.6212,2.88523
317,0.755002,0.0408083,0.0590915,99.2491,3.2632,3.48012,319.804,18.6043,2.29272
318,0.604072,0.0291997,0.0474881,88.7267,2.73272,4.97352,259.473,14.0204,1.81407
319,0.488881,0.0209753,0.0382196,79.1901,2.29235,7.37651,209.598,10.5453,1.4302
320,0.403508,0.0151763,0.0308375,70.6076,1.92691,11.1773,168.649,7.92194,1.12416
321,0.344154,0.0111279,0.0249884,62.9653,1.62367,17.0792,135.279,5.94922,0.881377
322,0.309182,0.00836102,0.0203987,56.2785,1.3721,25.9703,108.327,4.4717,0.689561
323,0.299463,0.00655952,0.0168637,50.6082,1.16355,38.6471,86.8138,3.37043,0.538536
324,0.319198,0.00552605,0.0142416,46.0858,0.99115,55.0529,69.9427,2.55538,0.419977
325,0.377538,0.00516432,0.0124531,42.9486,0.849774,73.1811,57.1092,1.95935,0.327145
326,0.491713,0.00547808,0.0114872,41.5861,0.736195,88.9719,47.9336,1.53335,0.25463
327,0.692988,0.00659187,0.0114178,42.5903,0.649489,98.52,42.3483,1.2434,0.198126
328,1.03811,0.00880769,0.0124327,46.7932,0.591552,100.586,40.8003,1.06912,0.154232
329,1.63058,0.012731,0.0148858,55.2771,0.567389,96.5165,44.6757,1.00517,0.120292
330,2.65549,0.0195434,0.0193833,69.3703,0.584756,88.5751,57.1207,1.06763,0.0942705
331,4.41593,0.031601,0.0269239,90.628,0.654076,78.7571,84.5005,1.30844,0.0746762
332,7.30348,0.0537638,0.0391246,120.566,0.79261,68.4525,138.61,1.84443,0.0605718
333,11.5834,0.0963138,0.0585713,159.653,1.03906,58.5083,238.524,2.91827,0.0517992
334,17.0643,0.180958,0.0893355,205.814,1.48231,49.3818,408.038,5.03615,0.0498897
335,23.0559,0.351184,0.13764,254.418,2.30308,41.2765,664.924,9.26383,0.0612054
336,28.6858,0.682846,0.212416,300.414,3.81893,34.241,1008.07,17.7555,0.107172
337,33.1034,1.27361,0.32479,339.965,6.48033,28.2345,1413.69,34.3616,0.253916
338,35.3905,2.17228,0.483941,370.136,10.6913,23.1704,1839.83,64.4382,0.676793
339,34.6365,3.24674,0.685157,387.877,16.389,18.9415,2230.94,112.163,1.72943
340,30.9029,4.11555,0.890887,390.453,22.6147,15.437,2523.08,174.915,3.85514
341,25.7572,4.35639,1.02887,379,27.5381,12.5504,2665.74,239.17,7.15172
342,20.7454,3.91257,1.0426,359.347,29.4935,10.185,2654.81,285.66,10.8907
343,16.4818,3.12487,0.947697,336.696,28.4488,8.25534,2527.99,302.395,13.8771
344,13.0276,2.33825,0.804805,313.349,25.6868,6.68773,2331.13,291.161,15.4161
345,10.2769,1.69857,0.660873,290.116,22.3981,5.41997,2099.77,261.838,15.5625
346,8.10016,1.21927,0.535047,267.4,19.1894,4.40044,1857.75,224.533,14.7202
347,6.38206,0.871196,0.430779,245.481,16.2832,3.58721,1620.25,186.238,13.3092
348,5.0276,0.621342,0.346072,224.556,13.7358,2.94729,1396.52,150.83,11.6498
349,3.96052,0.442794,0.277767,204.752,11.5414,2.45614,1191.72,120.016,9.95471
350,3.12024,0.315443,0.222853,186.141,9.67149,2.09781,1008.19,94.226,8.35103
351,2.45883,0.224689,0.178762,168.754,8.08991,1.86561,846.451,73.2118,6.90545
352,1.93849,0.160046,0.143386,152.592,6.75957,1.76418,705.807,56.418,5.64492
353,1.52941,0.114018,0.115016,137.635,5.64518,1.81305,584.87,43.1911,4.5719
354,1.20821,0.0812558,0.0922731,123.846,4.71461,2.05315,481.865,32.8903,3.67492
355,0.956555,0.0579449,0.0740491,111.183,3.93934,2.55744,394.867,24.9393,2.93556
356,0.76016,0.0413696,0.0594548,99.597,3.29456,3.44826,321.939,18.8458,2.33287
357,0.608023,0.0295977,0.0477781,89.0415,2.75892,4.92445,261.232,14.2031,1.84594
358,0.491837,0.0212566,0.0384505,79.4732,2.31424,7.3015,211.038,10.6832,1.45539
359,0.405614,0.0153739,0.0310204,70.86,1.94522,11.0638,169.821,8.02566,1.14401
360,0.345489,0.011265,0.0251321,63.1872,1.639,16.9112,136.225,6.02705,0.896966
361,0.309755,0.00845356,0.0205096,56.469,1.38492,25.7325,109.083,4.52994,0.701774
362,0.299197,0.00661824,0.0169466,50.7644,1.17426,38.3373,87.4091,3.41386,0.548084
363,0.317892,0.00555745,0.0142995,46.2021,1.00005,54.7062,70.4005,2.58758,0.427427
364,0.374805,0.00517127,0.0124868,43.0155,0.85708,72.8837,57.4459,1.983,0.332948
365,0.486851,0.00545972,0.0114955,41.5887,0.74203,88.8251,48.1573,1.55039,0.259143
366,0.684753,0.00654271,0.0113963,42.5071,0.653878,98.5678,42.4549,1.25518,0.201629
367,1.02428,0.00871524,0.0123731,46.5958,0.594418,100.797,40.765,1.07643,0.156944
368,1.60722,0.0125706,0.0147733,54.9311,0.568574,96.8269,44.4359,1.00816,0.122384
369,2.61592,0.0192673,0.0191936,68.8371,0.584066,88.9274,56.5448,1.06555,0.0958747
370,4.35033,0.0311143,0.0266177,89.8673,0.651254,79.1117,83.3383,1.29907,0.0758906
371,7.20209,0.0528724,0.0386387,119.553,0.787088,68.7865,136.432,1.82301,0.0614629
372,11.4452,0.0946147,0.057806,158.414,1.02935,58.8099,234.717,2.87513,0.0523923
373,16.9035,0.177631,0.0881363,204.458,1.46505,49.6466,402,4.95139,0.050127
374,22.8964,0.344699,0.135777,253.092,2.27194,41.5045,656.442,9.09681,0.060802
375,28.5522,0.670873,0.209578,299.241,3.76385,34.4344,997.564,17.4291,0.105168
376,33.0205,1.25402,0.320642,339.034,6.38957,28.3968,1402.15,33.7536,0.247507
377,35.3879,2.14615,0.478353,369.53,10.5599,23.3053,1828.69,63.4159,0.659353
378,34.7326,3.22198,0.678725,387.693,16.232,19.053,2222,110.706,1.69012
379,31.0676,4.10553,0.885444,390.736,22.4751,15.5285,2518.16,173.28,3.78626
380,25.9327,4.3689,1.02678,379.622,27.4739,12.6253,2665.69,237.897,7.06477
381,20.8997,3.94062,1.04455,360.11,29.5305,10.246,2658.86,285.242,10.82
382,16.6081,3.15554,0.952065,337.493,28.5564,8.30478,2534.68,302.924,13.8524
383,13.1285,2.36417,0.809692,314.143,25.8201,6.72766,2339.17,292.366,15.441
384,10.3568,1.71828,0.665307,290.893,22.5298,5.45205,2108.27,263.359,15.6235
385,8.16327,1.23365,0.538768,268.15,19.3091,4.42603,1866.14,226.097,14.8011
386,6.43182,0.881535,0.433815,246.198,16.3882,3.60738,1628.19,187.688,13.397
387,5.0668,0.628733,0.348524,225.234,13.8262,2.96284,1403.82,152.093,11.7361
388,3.99139,0.448067,0.27974,205.39,11.6185,2.46765,1198.28,121.075,10.0346
389,3.14454,0.3192,0.224436,186.737,9.73668,2.10555,1013.99,95.0903,8.42197
390,2.47795,0.227364,0.180033,169.309,8.14478,1.86958,851.501,73.9032,6.96669
391,1.95352,0.161951,0.144405,153.106,6.80558,1.76397,710.158,56.9631,5.69668
392,1.54122,0.115374,0.115833,138.108,5.68365,1.80772,588.582,43.6161,4.61494
393,1.21748,0.0822207,0.0929278,124.281,4.7467,2.04095,485.007,33.2186,3.71025
394,0.963796,0.0586311,0.0745735,111.581,3.96608,2.53542,397.505,25.1912,2.96427
395,0.765791,0.0418572,0.0598745,99.9606,3.31682,3.41157,324.138,19.0379,2.356
396,0.612355,0.0299436,0.0481136,89.3716,2.77743,4.86538,263.054,14.3489,1.86446
397,0.495104,0.0215012,0.0387181,79.7713,2.32965,7.20802,212.538,10.7934,1.47013
398,0.407974,0.0155458,0.031233,71.1269,1.95803,10.918,171.046,8.10867,1.15569
399,0.347035,0.0113841,0.0252997,63.423,1.64966,16.6884,137.219,6.08936,0.906185
400,0.310505,0.00853376,0.0206401,56.6727,1.39379,25.4051,109.881,4.57653,0.709027
401,0.299077,0.00666861,0.0170455,50.933,1.18163,37.8898,88.0406,3.44852,0.553773
402,0.316701,0.00558336,0.0143704,46.3301,1.00614,54.1664,70.8893,2.61316,0.43188
403,0.372145,0.00517475,0.0125312,43.093,0.862059,72.3518,57.809,2.00162,0.336425
404,0.481993,0.00543926,0.0115126,41.6003,0.745983,88.4416,48.4032,1.56358,0.261852
405,0.676382,0.00649217,0.0113821,42.43,0.656804,98.4192,42.5798,1.26396,0.203735
406,1.01001,0.0086213,0.0123191,46.3992,0.596216,100.871,40.7434,1.08134,0.158577
407,1.58273,0.0124071,0.0146649,54.5765,0.569044,97.0571,44.2022,1.00918,0.123643
408,2.57366,0.018983,0.0190059,68.2784,0.582935,89.2414,55.9592,1.06177,0.0968365
409,4.27882,0.030606,0.0263102,89.0534,0.648148,79.4558,82.128,1.28807,0.0766103
410,7.08908,0.0519253,0.0381464,118.445,0.781275,69.1264,134.115,1.79961,0.0619727
411,11.2877,0.0927738,0.0570255,157.03,1.01906,59.1265,230.581,2.82866,0.0526893
412,16.7163,0.173951,0.0869064,202.91,1.44637,49.9306,395.303,4.85952,0.0501243
413,22.7063,0.337363,0.133856,251.55,2.23735,41.7527,646.852,8.91294,0.0601654
414,28.3872,0.657009,0.206636,297.851,3.70107,34.6473,985.476,17.0626,0.102796
415,32.9081,1.23072,0.316308,337.9,6.28357,28.577,1388.64,33.0555,0.24014
416,35.3599,2.11389,0.472449,368.744,10.4024,23.4562,1815.33,62.213,0.639069
417,34.8117,3.18893,0.671801,387.36,16.037,19.1784,2210.75,108.937,1.64329
418,31.2255,4.08666,0.879357,390.911,22.2888,15.632,2511.08,171.192,3.70108
419,26.1081,4.37417,1.02407,380.179,27.3617,12.7102,2663.85,236.073,6.94975
420,21.0561,3.96417,1.0461,360.839,29.5265,10.3154,2661.59,284.264,10.711
421,16.7369,3.18386,0.95632,338.27,28.6336,8.36122,2540.44,302.964,13.7848
422,13.2317,2.3889,0.814632,314.925,25.9313,6.77338,2346.57,293.183,15.424
423,10.4386,1.73731,0.669852,291.662,22.645,5.48892,2116.35,264.588,15.6467
424,8.2279,1.24761,0.542605,268.896,19.4159,4.45555,1874.27,227.446,14.8492
425,6.48279,0.891591,0.436953,246.913,16.4827,3.63078,1635.97,188.981,13.4572
426,5.10697,0.635929,0.351061,225.914,13.9082,2.98105,1411.03,153.243,11.7995
427,4.02302,0.453202,0.281781,206.031,11.6886,2.48133,1204.8,122.052,10.0957
428,3.16944,0.322861,0.226076,187.337,9.79613,2.11508,1019.78,95.8939,8.47775
429,2.49755,0.229972,0.181349,169.868,8.1949,1.87502,856.562,74.5502,7.01577
430,1.96893,0.163808,0.145461,153.624,6.84763,1.76495,714.531,57.4756,5.73873
431,1.55333,0.116696,0.116679,138.587,5.71882,1.80332,592.322,44.017,4.65027
432,1.22698,0.0831615,0.0936062,124.721,4.77604,2.02942,488.178,33.5292,3.73949
433,0.971228,0.0593003,0.0751169,111.985,3.99051,2.51374,400.172,25.4299,2.98818
434,0.771574,0.0423328,0.0603095,100.329,3.33713,3.37477,326.366,19.2202,2.37537
435,0.616811,0.0302811,0.0484614,89.7065,2.7943,4.80547,264.902,14.4875,1.88003
436,0.498471,0.0217399,0.0389956,80.074,2.34366,7.11249,214.06,10.8982,1.48257
437,0.410418,0.0157136,0.0314536,71.3982,1.96967,10.768,172.292,8.18764,1.16557
438,0.348652,0.0115004,0.0254739,63.6631,1.65932,16.4579,138.23,6.14863,0.914001
439,0.311317,0.0086121,0.0207759,56.8805,1.40181,25.0639,110.694,4.62084,0.715188
440,0.299015,0.00671783,0.0171488,51.1057,1.18828,37.4186,88.6851,3.48147,0.558614
441,0.315568,0.00560866,0.0144449,46.462,1.01163,53.5897,71.3893,2.63746,0.435674
442,0.369547,0.00517806,0.0125787,43.1746,0.866539,71.7701,58.1817,2.01927,0.339391
443,0.477206,0.00541901,0.0115324,41.616,0.749536,88.0032,48.6575,1.57602,0.264166
444,0.668096,0.00644224,0.0113703,42.3569,0.659426,98.2225,42.7124,1.27216,0.205535
445,0.995846,0.00852842,0.0122676,46.2064,0.597801,100.912,40.7294,1.08581,0.159973
446,1.55834,0.0122453,0.0145589,54.2248,0.569387,97.2669,43.9771,1.00987,0.12472
447,2.53144,0.0187011,0.0188208,67.7204,0.581747,89.5458,55.3836,1.05775,0.0976579
448,4.20704,0.0301012,0.0260058,88.2357,0.645037,79.7976,80.9293,1.27694,0.0772223
449,6.97487,0.0509829,0.0376579,117.325,0.775488,69.4685,131.807,1.77621,0.0624005
450,11.1272,0.0909375,0.0562498,155.621,1.00882,59.4475,226.435,2.78233,0.0529247
451,16.5239,0.170267,0.0856825,201.323,1.42771,50.2199,388.544,4.76787,0.0500778
452,22.5093,0.329986,0.131942,249.958,2.20263,42.0065,637.104,8.72904,0.0595031
453,28.2143,0.642974,0.203697,296.409,3.63768,34.8656,973.105,16.6945,0.100422
454,32.7875,1.20693,0.311967,336.714,6.17575,28.7622,1374.72,32.3502,0.23279
455,35.3239,2.08051,0.466506,367.909,10.2407,23.6116,1801.46,60.9878,0.618709
456,34.8843,3.15395,0.664767,386.981,15.8345,19.3076,2198.92,107.115,1.5958
457,31.3806,4.06529,0.873058,391.05,22.0913,15.7387,2503.41,169.009,3.61352
458,26.2836,4.37722,1.02109,380.716,27.2363,12.7979,2661.48,234.115,6.82917
459,21.2137,3.98642,1.04746,361.557,29.5109,10.387,2663.92,283.139,10.5931
460,16.867,3.21168,0.960495,339.041,28.7026,8.41957,2545.93,302.871,13.7067
461,13.336,2.41349,0.819576,315.704,26.0372,6.82068,2353.81,293.898,15.3967
462,10.5214,1.75634,0.674431,292.43,22.7567,5.52708,2124.34,265.746,15.6608
463,8.29326,1.2616,0.546481,269.643,19.5201,4.48614,1882.34,228.748,14.8896
464,6.53435,0.901673,0.440126,247.629,16.5754,3.65506,1643.74,190.243,13.5112
465,5.1476,0.643146,0.353627,226.595,13.9886,2.99999,1418.24,154.373,11.858
466,4.05502,0.458353,0.283847,206.673,11.7575,2.49562,1211.33,123.015,10.1528
467,3.19464,0.326533,0.227736,187.939,9.8546,2.12513,1025.58,96.6886,8.53038
468,2.51738,0.232588,0.18268,170.429,8.24421,1.8809,861.644,75.1914,7.06236
469,1.98453,0.165671,0.146529,154.145,6.88903,1.76632,718.927,57.9842,5.77884
470,1.56559,0.118023,0.117536,139.068,5.75344,1.79928,596.085,44.4153,4.68408
471,1.23659,0.0841055,0.0942928,125.164,4.80492,2.01824,491.37,33.838,3.76754
472,0.978752,0.0599718,0.075667,112.39,4.01455,2.49242,402.859,25.6674,3.01117
473,0.77743,0.0428101,0.0607498,100.7,3.35711,3.33838,328.611,19.4017,2.39402
474,0.621326,0.0306198,0.0488135,90.0434,2.8109,4.74604,266.765,14.6254,1.89504
475,0.501886,0.0219795,0.0392766,80.3785,2.35744,7.01752,215.596,11.0026,1.49457
476,0.412904,0.015882,0.0316771,71.6713,1.9811,10.6186,173.549,8.26631,1.17512
477,0.350306,0.0116173,0.0256504,63.905,1.66881,16.2278,139.251,6.2077,0.921558
478,0.312165,0.00869092,0.0209136,57.0901,1.40969,24.7224,111.515,4.66501,0.721148
479,0.29899,0.00676749,0.0172537,51.2803,1.1948,36.9449,89.3367,3.51431,0.5633
480,0.314479,0.00563442,0.0145208,46.5961,1.01702,53.0057,71.8954,2.66168,0.439348
481,0.367006,0.0051819,0.0126275,43.2585,0.870937,71.1745,58.5598,2.03686,0.342265
482,0.472502,0.00539946,0.0115534,41.6345,0.753025,87.5459,48.9169,1.58843,0.266408
483,0.659941,0.00639333,0.0113599,42.2875,0.662005,98.0071,42.8501,1.28034,0.20728
484,0.981893,0.00843712,0.0122177,46.018,0.599369,100.937,40.7216,1.09028,0.161326
485,1.53431,0.012086,0.014455,53.8782,0.569737,97.4676,43.7605,1.01058,0.125764
486,2.4898,0.0184238,0.0186387,67.1683,0.580591,89.8455,54.8219,1.05382,0.0984545
487,4.1361,0.0296048,0.0257058,87.4243,0.641979,80.1375,79.7539,1.26602,0.0778157
488,6.86155,0.0500568,0.0371761,116.209,0.76979,69.8105,129.537,1.75322,0.0628149
489,10.9671,0.0891337,0.0554842,154.212,0.998732,59.7696,222.343,2.73682,0.0531521
490,16.3307,0.166647,0.0844741,199.73,1.40935,50.5108,381.842,4.67784,0.0500312
491,22.3104,0.322725,0.130051,248.353,2.16841,42.262,627.393,8.54836,0.0588594
492,28.0386,0.629111,0.200791,294.948,3.57506,35.0857,960.724,16.3324,0.0981178
493,32.6632,1.18328,0.307665,335.508,6.0688,28.949,1360.73,31.654,0.225643
494,35.2832,2.04705,0.460594,367.051,10.0794,23.7684,1787.44,59.7724,0.598816
495,34.9525,3.11837,0.65772,386.578,15.6308,19.438,2186.87,105.296,1.54905
496,31.5337,4.04278,0.866661,391.167,21.8903,15.8465,2495.46,166.807,3.52648
497,26.4592,4.37909,1.01795,381.239,27.1051,12.8865,2658.85,232.111,6.70778
498,21.3723,4.00802,1.04867,362.271,29.4896,10.4595,2666.06,281.951,10.4725
499,16.9981,3.23936,0.964609,339.811,28.768,8.47857,2551.3,302.721,13.6247
500,13.4411,2.43818,0.824521,316.482,26.1414,6.86853,2360.98,294.572,15.3656
501,10.6048,1.7755,0.679036,293.198,22.8675,5.56569,2132.28,266.879,15.6717
502,8.3592,1.2757,0.550387,270.389,19.6239,4.51711,1890.41,230.037,14.9277
503,6.58636,0.911844,0.443326,248.347,16.6678,3.67965,1651.5,191.499,13.5634
504,5.18859,0.650427,0.356216,227.277,14.0689,3.01919,1425.46,155.501,11.9151
505,4.08731,0.463551,0.285931,207.316,11.8263,2.51013,1217.87,123.978,10.209
506,3.22005,0.330239,0.22941,188.543,9.91306,2.13537,1031.4,97.485,8.58234
507,2.53738,0.235229,0.184024,170.991,8.29353,1.88696,866.748,75.8345,7.10848
508,2.00026,0.167552,0.147607,154.666,6.93043,1.76789,723.344,58.4947,5.81861
509,1.57795,0.119361,0.1184,139.55,5.78808,1.79546,599.868,44.8154,4.71765
510,1.24629,0.0850582,0.0949856,125.608,4.83381,2.00734,494.58,34.1483,3.79543
511,0.986343,0.0606495,0.076222,112.797,4.0386,2.47149,405.562,25.9061,3.03404
512,0.783341,0.0432918,0.0611942,101.071,3.3771,3.30254,330.87,19.5842,2.41259
513,0.625886,0.0309617,0.0491688,90.3815,2.82751,4.68743,268.64,14.7642,1.90999
514,0.505339,0.0222214,0.0395602,80.6843,2.37122,6.92378,217.143,11.1076,1.50653
515,0.415421,0.0160521,0.0319026,71.9456,1.99254,10.4711,174.815,8.34546,1.18463
516,0.351989,0.0117354,0.0258286,64.148,1.6783,16.0003,140.28,6.26713,0.929093
517,0.313041,0.00877066,0.0210528,57.3009,1.41756,24.3841,112.343,4.70945,0.727091
518,0.298998,0.00681788,0.0173598,51.4563,1.20133,36.4741,89.9938,3.54736,0.567974
519,0.313431,0.00566083,0.0145979,46.7317,1.02241,52.4222,72.4063,2.68606,0.443013
520,0.364524,0.00518642,0.0126774,43.3444,0.875335,70.5743,58.9421,2.05458,0.345132
521,0.467887,0.00538073,0.0115756,41.6556,0.75652,87.0792,49.1803,1.60093,0.268646
522,0.651928,0.00634552,0.0113507,42.2214,0.664597,97.7808,42.9922,1.28861,0.209022
523,0.968181,0.00834751,0.0121693,45.8341,0.600959,100.955,40.7194,1.09484,0.162677
524,1.5107,0.0119295,0.0143533,53.5375,0.570123,97.6628,43.5525,1.01141,0.126806
525,2.44889,0.0181515,0.0184597,66.6236,0.579484,90.1425,54.2748,1.05005,0.0992503
526,4.06629,0.029118,0.0254105,86.6217,0.638989,80.4768,78.6045,1.25536,0.078409
527,6.74967,0.0491496,0.0367015,115.103,0.764195,70.153,127.312,1.73074,0.0632303
528,10.8082,0.0873687,0.05473,152.81,0.988831,60.0927,218.322,2.69227,0.0533826
529,16.138,0.163106,0.0832832,198.138,1.39133,50.8031,375.23,4.58975,0.0499938
530,22.1109,0.315616,0.128187,246.744,2.13485,42.5191,617.767,8.37162,0.058243
531,27.8613,0.615501,0.197923,293.478,3.51355,35.3072,948.399,15.9778,0.0958973
532,32.5363,1.15995,0.303412,334.29,5.96339,29.1371,1346.74,30.9709,0.218737
533,35.239,2.01377,0.454729,366.178,9.91956,23.9263,1773.36,58.5747,0.579508
534,35.0169,3.08255,0.650685,386.157,15.4275,19.5695,2174.69,103.492,1.50337
535,31.6848,4.0195,0.860194,391.267,21.6876,15.9552,2487.32,164.605,3.44066
536,26.6348,4.38005,1.01465,381.753,26.9702,12.9758,2656.03,230.083,6.58679
537,21.5316,4.02912,1.04974,362.98,29.4643,10.5325,2668.05,280.723,10.3507
538,17.1301,3.26699,0.968662,340.58,28.8309,8.53807,2556.57,302.533,13.5406
539,13.5471,2.46302,0.829464,317.26,26.2446,6.91679,2368.1,295.221,15.3325
540,10.6889,1.79484,0.683662,293.967,22.9782,5.60465,2140.21,267.999,15.681
541,8.42567,1.28994,0.554318,271.137,19.7279,4.54836,1898.47,231.322,14.9647
542,6.63879,0.922123,0.446549,249.065,16.7605,3.70447,1659.28,192.756,13.615
543,5.22991,0.657788,0.358824,227.961,14.1495,3.03859,1432.7,156.632,11.9719
544,4.11986,0.468806,0.288031,207.961,11.8954,2.52483,1224.45,124.946,10.2651
545,3.24568,0.333985,0.231097,189.147,9.97177,2.14578,1037.25,98.2861,8.6343
546,2.55755,0.237898,0.185378,171.555,8.34307,1.89319,871.876,76.4819,7.15466
547,2.01612,0.169452,0.148693,155.19,6.97203,1.76963,727.783,59.0089,5.85847
548,1.59042,0.120715,0.119271,140.033,5.82288,1.79186,603.671,45.2184,4.75133
549,1.25607,0.0860214,0.0956837,126.053,4.86284,1.99672,497.809,34.4611,3.82342
550,0.993999,0.0613347,0.0767813,113.206,4.06277,2.45095,408.281,26.1468,3.05701
551,0.789304,0.0437788,0.0616419,101.444,3.39719,3.26729,333.144,19.7682,2.43124
552,0.630487,0.0313074,0.0495269,90.7208,2.84419,4.62973,270.528,14.9041,1.92502
553,0.508826,0.0224661,0.039846,80.9912,2.38507,6.83144,218.699,11.2135,1.51855
554,0.417967,0.0162242,0.03213,72.221,2.00403,10.3256,176.09,8.4253,1.1942
555,0.3537,0.011855,0.0260084,64.3921,1.68784,15.7758,141.316,6.32709,0.936669
556,0.313946,0.00885147,0.0211931,57.5129,1.42547,24.0497,113.177,4.75429,0.73307
557,0.299038,0.00686913,0.0174669,51.6335,1.20789,36.0074,90.6563,3.58072,0.572676
558,0.312423,0.00568798,0.0146758,46.8689,1.02782,51.8409,72.9218,2.71067,0.4467
559,0.362098,0.00519165,0.0127281,43.4322,0.879759,69.9718,59.3286,2.07248,0.348016
560,0.463358,0.00536282,0.0115987,41.6792,0.760039,86.6052,49.4477,1.61359,0.270897
561,0.644057,0.00629883,0.0113427,42.1587,0.667217,97.5455,43.1387,1.29701,0.210775
562,0.954711,0.00825959,0.0121225,45.6547,0.602583,100.964,40.7227,1.09951,0.164037
563,1.48751,0.0117759,0.0142537,53.2027,0.57055,97.8532,43.353,1.01235,0.127856
564,2.4087,0.0178843,0.0182839,66.0864,0.57843,90.4371,53.7423,1.04646,0.100052
565,3.99764,0.0286406,0.02512,85.8284,0.636069,80.8153,77.4813,1.24499,0.0790071
566,6.63931,0.0482614,0.0362342,114.007,0.758705,70.4959,125.133,1.70876,0.0636504
567,10.6506,0.0856429,0.0539871,151.417,0.979118,60.4168,214.372,2.6487,0.0536191
568,15.9459,0.159645,0.0821099,196.549,1.37368,51.0966,368.712,4.50364,0.0499676
569,21.911,0.308664,0.12635,245.131,2.10197,42.7773,608.238,8.19891,0.0576554
570,27.6827,0.602158,0.195095,292.001,3.4532,35.5299,936.146,15.6312,0.0937616
571,32.4072,1.13697,0.29921,333.061,5.85963,29.3263,1332.78,30.3015,0.212075
572,35.1914,1.98074,0.448916,365.291,9.76147,24.0852,1759.25,57.3961,0.560799
573,35.0777,3.04658,0.643667,385.719,15.2251,19.7018,2162.41,101.706,1.45881
574,31.834,3.99553,0.853664,391.35,21.4838,16.0646,2479.02,162.407,3.35621
575,26.8105,4.38016,1.01122,382.255,26.8319,13.0657,2653.02,228.036,6.46648
576,21.6919,4.04976,1.05067,363.686,29.4352,10.6061,2669.89,279.461,10.2281
577,17.2631,3.2946,0.972652,341.348,28.8917,8.598,2561.76,302.311,13.4547
578,13.6539,2.48802,0.834402,318.038,26.3471,6.9654,2375.17,295.846,15.2976
579,10.7737,1.81436,0.688308,294.736,23.089,5.64389,2148.12,269.109,15.6891
580,8.49266,1.30434,0.558273,271.885,19.8322,4.57985,1906.54,232.604,15.0009
581,6.69164,0.932514,0.449795,249.784,16.8536,3.7295,1667.07,194.016,13.6662
582,5.27156,0.66523,0.361451,228.645,14.2305,3.05816,1439.96,157.768,12.0286
583,4.15267,0.47412,0.290146,208.608,11.9649,2.53967,1231.04,125.92,10.3212
584,3.27151,0.337774,0.232796,189.753,10.0308,2.15633,1043.13,99.0923,8.68639
585,2.57788,0.240597,0.186742,172.12,8.39288,1.89956,877.027,77.1339,7.20101
586,2.03211,0.171375,0.149788,155.714,7.01387,1.77153,732.244,59.5271,5.89852
587,1.60299,0.122083,0.120149,140.518,5.85788,1.78846,607.494,45.6248,4.78519
588,1.26594,0.0869954,0.0963869,126.499,4.89204,1.98637,501.056,34.7765,3.85157
589,1.00172,0.0620276,0.0773447,113.615,4.08708,2.43081,411.016,26.3896,3.08012
590,0.795317,0.0442714,0.0620931,101.818,3.41741,3.23264,335.431,19.9539,2.45002
591,0.635129,0.031657,0.0498877,91.0611,2.86098,4.57293,272.427,15.0453,1.94015
592,0.512347,0.0227135,0.040134,81.2991,2.399,6.7405,220.266,11.3204,1.53066
593,0.420543,0.0163983,0.0323591,72.4975,2.01559,10.1823,177.374,8.50589,1.20383
594,0.355437,0.011976,0.0261895,64.6373,1.69743,15.5544,142.36,6.38762,0.944301
595,0.314878,0.00893339,0.0213347,57.726,1.43343,23.7194,114.017,4.79956,0.739092
596,0.299108,0.00692125,0.0175751,51.8119,1.21448,35.5451,91.3241,3.61441,0.577413
597,0.311455,0.00571586,0.0147548,47.0074,1.03327,51.2623,73.4419,2.73554,0.450415
598,0.359729,0.00519761,0.0127798,43.5219,0.884212,69.3675,59.7192,2.09057,0.350923
599,0.458916,0.00534574,0.0116228,41.7052,0.763587,86.1246,49.7191,1.62639,0.273166
0,0,0,0,0,0,0,0,0,0
1,15.8427,50.5971,54.1225,23.544,259.61,0,0.31669,10.2057,97.874
2,28.3126,86.6047,97.5048,115.517,382.957,0,54.071,419.358,808.567
3,38.1279,112.23,132.278,167.933,449.294,0,198.433,1142.06,1768.66
4,45.8536,130.466,160.151,206.951,492.955,0,400.183,1952.49,2814.05
5,51.9345,143.444,182.493,237.798,523.028,0,631.344,2744.06,3845.27
6,56.7209,152.679,200.401,262.706,544.268,0,871.409,3466.6,4806.22
7,60.4884,159.252,214.755,282.999,559.494,0,1106.35,4100.65,5669.16
8,63.4538,163.929,226.261,299.596,570.512,0,1327.25,4643.2,6424.16
9,65.7879,167.258,235.484,313.189,578.535,0,1529.04,5099.61,7072.11
10,65.4323,169.627,242.876,324.322,584.4,0,1709.4,5478.99,7619.94
11,53.7903,171.313,248.801,320.736,594.085,0,1850.22,5767.33,8087.6
12,42.6046,172.512,253.551,286.493,616.445,0,1823.18,5797.19,8581.28
13,33.6095,154.989,256.863,249.59,635.596,0,1644.49,5570.84,9139.39
14,26.487,110.577,212.206,232.341,563.266,0,1430.75,5095.44,9351.98
15,20.8662,78.7065,170.135,216.619,492.196,0,1246.69,4454.73,8964.8
16,16.4356,56.015,136.379,200.45,430.599,0,1082.73,3785.6,8243.75
17,12.9449,39.8646,109.318,184.351,377.253,0,934.306,3156.95,7369.79
18,10.1954,28.3705,87.6253,168.668,331.034,0,799.981,2598.6,6456.29
19,8.03007,20.1904,70.2372,153.631,290.958,0,679.391,2119.18,5570.96
20,6.3252,14.3689,56.2995,139.382,256.17,0,572.338,1716.47,4751.31
21,4.98372,10.2259,45.1275,126.006,225.93,0,478.431,1383.22,4015.27
22,3.92922,7.27746,36.1725,113.549,199.601,0,397.016,1110.34,3368.46
23,3.10128,5.17919,28.9945,102.03,176.634,0,327.21,888.624,2809.11
24,2.45232,3.68595,23.2409,91.4456,156.56,790.747,267.976,709.518,2331.28
25,1.94525,2.62333,18.6291,81.7817,138.976,3186.49,218.196,565.482,1926.99
26,1.55137,1.86717,14.9325,73.0199,123.534,6327.46,176.744,450.071,1587.51
27,1.24885,1.32913,11.9696,65.1465,109.932,9674.39,142.537,357.892,1304.18
28,1.02166,0.946353,9.59476,58.1612,97.9056,12920.5,114.576,284.506,1068.86
29,0.858907,0.674109,7.69135,52.0888,87.2156,15905.2,91.9653,226.301,874.177
30,0.754692,0.480598,6.16586,46.9975,77.6416,18557.7,73.9314,180.376,713.583
31,0.708522,0.343223,4.94341,43.0242,68.9697,20860.4,59.8383,144.429,581.381
32,1.19622,0.245954,3.96399,40.4118,60.9828,22826.2,49.2079,116.662,472.666
33,6.66364,0.177469,3.1796,50.4996,51.8996,24483.4,43.4153,97.5559,383.062
34,16.37,0.129839,2.55186,135.437,29.3223,25867.1,94.918,104.27,304.681
35,26.6015,0.106216,2.05019,233.582,14.1242,27013.9,344.616,109.705,236.133
36,35.7591,0.494223,1.65037,309.766,9.37813,27958.7,804.124,103.051,181.677
37,43.4649,2.34291,1.33343,368.147,12.3508,28119.8,1397.57,107.344,139.83
38,49.7708,6.97678,1.08486,410.179,26.4636,26507.3,2035.07,168.651,109.449
39,54.8572,15.674,0.894165,436.297,55.5856,23943.4,2628.68,350.709,94.79
40,58.9259,29.0259,0.754701,447.74,101.169,21024,3105.57,710.414,113.187
41,62.1633,46.3514,0.663821,447.73,160.03,18096.6,3424.99,1262.76,199.906
42,64.7027,65.8126,0.623292,440.872,225.066,15351,3587.63,1963.88,399.159
43,66.0974,85.233,0.639433,431.169,288.748,12879.2,3625.72,2731.82,742.54
44,63.7771,102.896,0.721518,418.478,346.788,10713.7,3575.2,3481.4,1234.14
45,56.852,116.601,0.86625,395.062,399.977,8852.82,3429.75,4128.61,1860.91
46,48.1131,109.621,0.856254,364.669,430.623,7276.19,3167.22,4564.47,2575.81
47,39.6659,83.2772,0.701239,345.709,397.999,5954.68,2869.43,4619.27,3108.12
48,32.2924,60.3411,0.563806,329.331,348.11,4856.17,2601.44,4315.93,3283.87
49,26.1337,43.3027,0.452368,311.363,301.602,3949,2353,3828.84,3198.23
50,21.0981,30.978,0.362781,292.376,260.597,3203.75,2114.51,3285.58,2960.73
51,17.0262,22.1336,0.29089,273.096,224.919,2594.09,1884.63,2757.32,2648.82
52,13.7526,15.8072,0.233232,254.037,194.041,2097.06,1665.64,2278.54,2312.57
53,11.1304,11.289,0.187001,235.54,167.387,1693,1460.48,1862.3,1982.44
54,9.04207,8.06467,0.149938,217.842,144.411,1365.28,1271.52,1510.01,1675.57
55,7.39279,5.76465,0.120228,201.146,124.603,1099.99,1100.3,1217.28,1400.36
56,6.09384,4.12425,0.0964143,185.62,107.501,885.613,947.575,977.251,1159.67
57,5.0697,2.95477,0.077329,171.318,92.7234,712.618,813.279,782.328,953.039
58,4.26335,2.12187,0.0620379,158.241,79.951,573.212,696.578,625.151,778.166
59,3.63185,1.52906,0.0497925,146.384,68.9058,461.032,596.181,499.081,631.845
60,3.14229,1.10705,0.0399913,135.75,59.3394,370.919,510.604,398.368,510.541
61,2.76924,0.806658,0.0321527,126.343,51.0357,298.711,438.33,318.156,410.736
62,2.49301,0.593016,0.0258922,118.174,43.8112,241.093,377.894,254.422,329.141
63,2.29847,0.4414,0.0209043,111.256,37.5121,195.467,327.937,203.871,262.792
64,2.1741,0.334245,0.0169472,105.603,32.0112,159.871,287.233,163.83,209.095
65,2.11117,0.259072,0.0138316,101.23,27.2051,132.93,254.706,132.142,165.821
66,2.1031,0.207021,0.0114117,98.1418,23.0126,113.839,229.432,107.074,131.083
67,2.14504,0.171808,0.00957938,96.3327,19.3717,102.339,210.639,87.2403,103.303
68,2.23341,0.148979,0.00825947,95.7755,16.2357,98.5657,197.695,71.5399,81.1709
69,2.3654,0.135373,0.00740759,96.4188,13.5685,100.336,190.093,59.1034,63.6053
70,2.53845,0.128748,0.00700934,98.1845,11.3383,98.3465,187.439,49.2532,49.7182
71,2.74962,0.127507,0.00708103,100.967,9.51308,91.3083,189.418,41.4675,38.7818
72,2.99531,0.130495,0.00767115,104.637,8.0566,81.7078,195.768,35.349,30.2019
73,3.27136,0.136838,0.00886121,109.047,6.92722,71.2934,206.242,30.5962,23.4945
74,3.5742,0.145827,0.0107634,114.047,6.07873,61.0915,220.586,26.9775,18.268
75,3.90322,0.15684,0.0135112,119.503,5.46269,51.6522,238.53,24.3098,14.207
76,4.26353,0.169333,0.017238,125.339,5.0311,43.2279,259.839,22.4419,11.0596
77,4.66297,0.182911,0.0220377,131.557,4.73931,35.8918,284.408,21.2449,8.62545
78,5.06273,0.197528,0.0279084,138.183,4.55029,29.6149,312.352,20.607,6.74639
79,5.3581,0.213738,0.0346878,144.698,4.4488,24.3142,343.409,20.4283,5.29858
80,5.47531,0.232694,0.0420068,149.988,4.45061,19.8823,375.382,20.6271,4.18673
81,5.39612,0.253267,0.0492967,153.25,4.57364,16.2057,404.403,21.1665,3.33888
82,5.14393,0.268107,0.0558736,154.189,4.77585,13.1747,426.565,21.985,2.69972
83,4.76458,0.271247,0.0610853,152.898,4.95967,10.6886,439.149,22.856,2.22264
84,4.30924,0.26159,0.0644658,149.679,5.05312,8.65786,441.077,23.458,1.8663
85,3.82303,0.241481,0.0658293,144.915,5.02723,7.00512,432.738,23.5358,1.5955
86,3.33987,0.214762,0.0652716,138.986,4.8852,5.6643,415.548,22.9783,1.38241
87,2.88228,0.185258,0.0630947,132.235,4.64866,4.57993,391.453,21.815,1.20697
88,2.46434,0.15596,0.0597004,124.946,4.34602,3.70594,362.53,20.1707,1.05614
89,2.09441,0.128802,0.055496,117.366,4.0046,3.0045,330.735,18.2118,0.922303
90,1.77594,0.104788,0.0508347,109.714,3.6465,2.44495,297.788,16.104,0.8015
91,1.50837,0.0842951,0.0460024,102.178,3.28802,2.00283,265.111,13.9872,0.691935
92,1.28864,0.0673405,0.0412474,94.9123,2.94119,1.65912,233.804,11.9657,0.592902
93,1.1126,0.0537022,0.0367859,88.042,2.61508,1.39962,204.651,10.1092,0.504156
94,0.976092,0.0430035,0.032779,81.6706,2.31586,1.21455,178.158,8.45799,0.425532
95,0.875619,0.0348055,0.0293263,75.8916,2.04692,1.09832,154.607,7.02861,0.356745
96,0.808831,0.0286818,0.0264793,70.7983,1.80947,1.04939,134.115,5.81999,0.297312
97,0.774897,0.024263,0.0242626,66.4939,1.60323,1.07021,116.696,4.81966,0.246566
98,0.774866,0.0212569,0.0226942,63.1009,1.42715,1.16703,102.309,4.00897,0.203709
99,0.812106,0.0194545,0.0218015,60.7705,1.27994,1.34916,90.9084,3.36718,0.167882
100,0.892831,0.0187314,0.0216372,59.6876,1.16047,1.62758,82.496,2.87441,0.13822
101,1.02677,0.01905,0.0222943,60.0711,1.0681,2.01217,77.1712,2.51373,0.1139
102,1.22789,0.0204641,0.0239242,62.1634,1.00286,2.5076,75.1962,2.27277,0.0941775
103,1.51498,0.0231313,0.0267587,66.2092,0.965541,3.10818,77.0704,2.14499,0.0784025
104,1.91155,0.0273313,0.0311378,72.424,0.957606,3.79335,83.6134,2.13121,0.0660379
105,2.4442,0.0334933,0.0375442,80.9569,0.981081,4.52583,96.039,2.24127,0.0566694
106,3.13781,0.0422277,0.046644,91.8499,1.03858,5.25448,115.988,2.49593,0.0500202
107,4.00605,0.0543524,0.0593236,104.989,1.1336,5.92214,145.459,2.92892,0.0459732
108,5.03629,0.070888,0.0767031,120.04,1.27109,6.47604,186.555,3.5887,0.0446122
109,6.17155,0.0929695,0.100079,136.382,1.45793,6.87725,240.941,4.53905,0.0462889
110,7.298,0.121582,0.130715,153.057,1.70265,7.10599,308.971,5.8561,0.051725
111,8.25161,0.156999,0.169354,168.8,2.01367,7.16183,388.615,7.61744,0.0621385
112,8.85582,0.197862,0.215369,182.173,2.39488,7.05991,474.621,9.87674,0.0793291
113,8.98574,0.240137,0.265651,191.844,2.83785,6.82524,558.567,12.6192,0.105548
114,8.62652,0.276789,0.313881,196.929,3.31233,6.48718,630.355,15.7045,0.142832
115,7.8804,0.299388,0.351355,197.259,3.76132,6.07584,680.949,18.8266,0.191543
116,6.91312,0.301795,0.370065,193.377,4.11131,5.62066,705.078,21.5429,0.248543
117,5.88323,0.283589,0.366588,186.262,4.29951,5.14909,702.387,23.3976,0.306542
118,4.90128,0.250163,0.343635,176.965,4.30141,4.68502,676.583,24.0897,0.356057
119,4.0257,0.209503,0.30799,166.378,4.13662,4.24772,633.523,23.577,0.389132
120,3.27692,0.168623,0.266969,155.162,3.85208,3.8518,579.416,22.0559,0.402116
121,2.65335,0.131897,0.22608,143.778,3.49975,3.50798,519.72,19.8525,0.395919
122,2.14305,0.101176,0.188511,132.538,3.12256,3.22429,458.701,17.3079,0.374453
123,1.73053,0.0766485,0.155636,121.649,2.75022,3.00754,399.406,14.703,0.342724
124,1.40027,0.0576645,0.127717,111.254,2.4006,2.86481,343.829,12.2331,0.305472
125,1.13831,0.0432809,0.104452,101.446,2.08297,2.80517,293.138,10.0115,0.266503
126,0.932858,0.0325518,0.0853048,92.2912,1.80096,2.8415,247.89,8.08878,0.228521
127,0.774389,0.0246528,0.0696878,83.8384,1.55479,2.99262,208.219,6.47227,0.193238
128,0.655607,0.0189166,0.0570449,76.1299,1.34286,3.28598,173.981,5.14383,0.161578
129,0.571386,0.0148284,0.0468881,69.2121,1.16268,3.76075,144.866,4.07235,0.133902
130,0.518777,0.0120067,0.0388089,63.1467,1.01156,4.47151,120.482,3.22217,0.110198
131,0.497186,0.0101823,0.0324789,58.0237,0.886988,5.49193,100.417,2.55829,0.0902275
132,0.508774,0.00918104,0.027648,53.9775,0.786909,6.91693,84.2885,2.04924,0.0736343
133,0.559207,0.00891356,0.0241425,51.204,0.709948,8.86032,71.7882,1.66867,0.0600181
134,0.658872,0.00937244,0.0218683,49.9765,0.655507,11.4419,62.7318,1.39608,0.0489814
135,0.824752,0.0106404,0.0208192,50.6522,0.623822,14.7554,57.129,1.21744,0.0401606
136,1.08312,0.0129117,0.0210956,53.66,0.615893,18.8106,55.2911,1.12603,0.0332445
137,1.47306,0.0165334,0.0229359,59.4638,0.633367,23.4542,57.9928,1.12385,0.0279881
138,2.05034,0.0220754,0.026768,68.5098,0.678517,28.3066,66.6985,1.22401,0.0242254
139,2.88956,0.0304458,0.0332877,81.1801,0.754647,32.7799,83.8403,1.45442,0.0218877
140,4.08009,0.0430738,0.0435725,97.7497,0.867191,36.2259,113.106,1.8638,0.0210378
141,5.70704,0.0621897,0.0592356,118.308,1.02559,38.1588,159.623,2.53122,0.021938
142,7.80843,0.0912233,0.0826054,142.597,1.24597,38.4151,229.757,3.58138,0.025194
143,10.31,0.135277,0.116861,169.778,1.55459,37.1557,330.052,5.20713,0.0320506
144,12.9659,0.2014,0.165921,198.251,1.99145,34.7444,464.845,7.69808,0.0449968
145,15.3527,0.297803,0.233631,225.672,2.61151,31.6046,632.726,11.4643,0.0689409
146,16.957,0.430118,0.321495,249.246,3.47669,28.1174,823.151,17.0174,0.113226
147,17.3662,0.592602,0.424457,266.242,4.62592,24.5766,1015.4,24.8243,0.194094
148,16.5034,0.756944,0.526436,274.747,6.01218,21.1832,1182.06,34.9339,0.334591
149,14.7023,0.873361,0.601789,274.489,7.43363,18.0583,1297.59,46.4444,0.554656
150,12.4867,0.898532,0.628217,267.01,8.55856,15.2631,1348.3,57.3046,0.847893
151,10.2825,0.829255,0.602374,254.727,9.10637,12.8172,1336.15,65.0361,1.16486
152,8.31447,0.700821,0.54014,239.8,9.02408,10.7139,1274.13,68.0368,1.43277
153,6.65469,0.556186,0.4627,223.685,8.46491,8.93127,1178.72,66.2751,1.59781
154,5.29649,0.42369,0.385424,207.246,7.64277,7.44016,1064.85,60.9135,1.64644
155,4.20283,0.314766,0.315954,190.988,6.72902,6.20942,944.005,53.4985,1.59645
156,3.32997,0.23042,0.256725,175.215,5.82877,5.20948,824.173,45.3752,1.4783
157,2.63692,0.167257,0.207598,160.118,4.99565,4.4148,710.489,37.4715,1.32187
158,2.08852,0.120845,0.167435,145.813,4.25172,3.80559,605.946,30.3155,1.15072
159,1.65572,0.087113,0.13486,132.367,3.60186,3.36957,512.02,24.1384,0.981029
160,1.31508,0.0627593,0.108557,119.817,3.04229,3.10392,429.149,18.982,0.822699
161,1.04792,0.0452549,0.0873791,108.173,2.56528,3.01806,357.102,14.7817,0.680904
162,0.839546,0.0327184,0.070364,97.4354,2.16165,3.13787,295.238,11.423,0.557596
163,0.678576,0.0237738,0.0567207,87.5943,1.82206,3.51191,242.693,8.77577,0.452697
164,0.556414,0.0174264,0.0458079,78.6408,1.53774,4.22049,198.504,6.71327,0.364955
165,0.46689,0.0129639,0.0371104,70.5728,1.30078,5.38808,161.698,5.12182,0.292535
166,0.406086,0.00988291,0.0302201,63.4045,1.10432,7.19823,131.348,3.9043,0.233398
167,0.372358,0.00783565,0.024819,57.1776,0.942583,9.90634,106.611,2.98064,0.185529
168,0.366646,0.00659316,0.0206679,51.9783,0.810967,13.8365,86.7473,2.28659,0.147065
169,0.393165,0.00602226,0.0175996,47.959,0.706042,19.3312,71.1479,1.77186,0.116356
170,0.460693,0.00607498,0.0155177,45.3651,0.625643,26.6056,59.3566,1.39829,0.0919819
171,0.584797,0.00679083,0.0144023,44.5629,0.568951,35.4752,51.1164,1.13837,0.0727539
172,0.791549,0.00831527,0.0143254,46.0548,0.536528,45.0605,46.4585,0.97439,0.0576956
173,1.12357,0.010942,0.0154807,50.4665,0.530207,53.7935,45.8697,0.898891,0.0460268
174,1.64943,0.0151951,0.0182336,58.4994,0.552811,59.9954,50.5839,0.916571,0.0371478
175,2.47663,0.0219832,0.0232039,70.8778,0.608046,62.6859,63.039,1.04856,0.0306331
176,3.76444,0.0328888,0.0313962,88.3271,0.701309,61.911,87.5367,1.34014,0.0262422
177,5.72064,0.050717,0.0444012,111.532,0.842417,58.4384,131.104,1.87484,0.0239675
178,8.54644,0.0805379,0.0646896,140.901,1.05118,53.2606,204.29,2.8015,0.0241766
179,12.2974,0.131603,0.0960033,176.024,1.36708,47.2615,320.896,4.38647,0.0279964
180,16.7158,0.220525,0.143754,215.05,1.86461,41.0927,494.756,7.11123,0.0383445
181,21.1898,0.375136,0.215078,254.669,2.67316,35.1752,732.701,11.8388,0.0626703
182,24.8803,0.634247,0.317569,290.873,3.99015,29.7478,1026.67,20.0316,0.119926
183,26.9,1.02907,0.454745,319.745,6.04795,24.9211,1349.86,33.8212,0.255887
184,26.6153,1.52965,0.616529,337.795,8.95742,20.7229,1658.66,55.33,0.565432
185,24.175,1.98855,0.769224,342.879,12.4066,17.1313,1901.55,84.5326,1.18862
186,20.5658,2.1993,0.862772,336.015,15.4947,14.0976,2038.4,116.666,2.20664
187,16.8217,2.08187,0.865959,321.195,17.2071,11.5608,2060.32,143.025,3.46913
188,13.489,1.74698,0.792559,302.465,17.2383,9.45739,1987.76,156.418,4.61723
189,10.7174,1.35695,0.681807,282.248,16.0575,7.726,1851.99,155.499,5.35295
190,8.47941,1.00957,0.566228,261.711,14.3083,6.31095,1681.07,143.74,5.60148
191,6.69565,0.734859,0.461876,241.44,12.43,5.16349,1495.74,126.005,5.45013
192,5.28223,0.529251,0.373524,221.778,10.6414,4.24248,1309.95,106.307,5.03607
193,4.16547,0.379242,0.300852,202.943,9.02971,3.51462,1132.51,87.2182,4.4829
194,3.2845,0.271089,0.241855,185.073,7.61848,2.95463,968.553,70.0879,3.88137
195,2.59026,0.193552,0.194247,168.25,6.40338,2.54579,820.666,55.4425,3.29036
196,2.04365,0.138124,0.155943,152.514,5.36844,2.28097,689.717,43.3265,2.74389
197,1.61369,0.0985642,0.125172,137.874,4.4936,2.16477,575.466,33.5357,2.2586
198,1.27596,0.0703597,0.100478,124.32,3.75817,2.2172,476.992,25.7607,1.83981
199,1.01127,0.0502695,0.0806748,111.826,3.1425,2.47995,392.991,19.6683,1.48601
200,0.804663,0.0359743,0.0648073,100.361,2.62871,3.02638,321.983,14.9443,1.19192
201,0.644569,0.0258195,0.0521066,89.8886,2.20099,3.97717,262.449,11.312,0.950562
202,0.522237,0.0186273,0.0419572,80.3757,1.84559,5.52329,212.92,8.53844,0.754486
203,0.431313,0.0135631,0.0338689,71.7979,1.55078,7.95701,172.028,6.43307,0.596498
204,0.367626,0.0100394,0.0274549,64.1463,1.30668,11.705,138.539,4.84337,0.470052
205,0.329181,0.00764888,0.0224141,57.4392,1.10506,17.339,111.37,3.64938,0.369415
206,0.316432,0.00611866,0.0185193,51.7368,0.939296,25.4981,89.592,2.75806,0.289691
207,0.33297,0.00528099,0.0156101,47.1646,0.804237,36.5986,72.441,2.09833,0.22679
208,0.386875,0.00505826,0.0135911,43.9442,0.696247,50.2414,59.3283,1.61683,0.177339
209,0.493209,0.0054623,0.0124363,42.4325,0.613325,64.6013,49.8726,1.27466,0.138596
210,0.678574,0.00661166,0.0122038,43.1594,0.555297,76.6898,43.9763,1.04527,0.108357
211,0.98938,0.00877697,0.0130625,46.8477,0.523981,83.8979,41.9932,0.913723,0.0848705
212,1.50652,0.0124771,0.0153397,54.3986,0.523094,85.4161,45.0613,0.878231,0.0667713
213,2.36923,0.0186766,0.0196005,66.8605,0.557907,82.1443,55.7107,0.954999,0.0530268
214,3.80407,0.0291943,0.0267759,85.417,0.635501,75.6935,78.8858,1.18845,0.0429163
215,6.12735,0.0475675,0.0383679,111.305,0.767944,67.5912,123.502,1.671,0.0360585
216,9.63992,0.0808758,0.0567656,145.32,0.981552,58.9734,204.133,2.58357,0.0325694
217,14.3712,0.143458,0.085705,186.714,1.33524,50.5711,340.696,4.28266,0.033608
218,19.8772,0.263658,0.130853,232.382,1.94958,42.7995,552.407,7.48387,0.0431123
219,25.3587,0.492764,0.200284,277.697,3.04391,35.8566,846.351,13.6055,0.0731644
220,29.9156,0.905916,0.304014,318.261,4.95887,29.8024,1208.94,25.2514,0.159548
221,32.6162,1.56594,0.450449,350.522,8.08416,24.6155,1605.82,46.4149,0.399286
222,32.5851,2.42282,0.636274,371.207,12.5697,20.23,1986.15,81.1796,1.00744
223,29.7003,3.2145,0.830251,377.518,17.8668,16.5599,2288.85,129.675,2.30906
224,25.1645,3.57048,0.969725,369.773,22.5394,13.5132,2461.18,183.428,4.49288
225,20.4561,3.3484,0.999863,352.726,24.9879,11.0008,2488.5,227.029,7.20534
226,16.3235,2.76184,0.925141,331.593,24.7872,8.9404,2397.69,248.13,9.61416
227,12.9286,2.10803,0.796188,309.193,22.8053,7.25939,2230.28,245.144,11.0728
228,10.2088,1.54753,0.659011,286.654,20.107,5.89492,2021.88,224.776,11.4764
229,8.05084,1.11656,0.535723,264.491,17.3349,4.79397,1797.56,195.504,11.0622
230,6.34531,0.79979,0.432174,243.026,14.7638,3.9129,1573.71,163.84,10.1397
231,4.99982,0.571146,0.347528,222.476,12.4828,3.21687,1360.52,133.696,8.96602
232,3.93938,0.407324,0.279079,202.984,10.5045,2.67953,1163.85,106.981,7.72081
233,3.10412,0.290316,0.223973,184.635,8.81137,2.28309,986.62,84.3475,6.51598
234,2.44656,0.206867,0.179697,167.468,7.37518,2.01901,829.745,65.7465,5.41368
235,1.9292,0.1474,0.144159,151.492,6.16467,1.88986,692.871,50.7887,4.44235
236,1.52247,0.105043,0.115651,136.692,5.14919,1.9126,574.855,38.9537,3.60908
237,1.20312,0.0748877,0.0927944,123.038,4.30035,2.12454,474.119,29.7048,2.90837
238,0.952954,0.0534291,0.0744774,110.492,3.59272,2.59307,388.882,22.5472,2.32813
239,0.757796,0.0381711,0.059808,99.0079,3.00398,3.43144,317.323,17.051,1.85339
240,0.606721,0.0273367,0.0480712,88.5419,2.51484,4.82324,257.682,12.8574,1.46871
241,0.4915,0.0196637,0.0386965,79.054,2.10887,7.05822,208.321,9.67465,1.15943
242,0.406218,0.0142585,0.0312301,70.5149,1.77214,10.5785,167.754,7.27015,0.912348
243,0.34709,0.0104922,0.025315,62.9129,1.493,16.0188,134.671,5.46125,0.716001
244,0.312508,0.00792894,0.0206746,56.2657,1.2618,24.1835,107.934,4.10633,0.560657
245,0.303377,0.00627633,0.0171019,50.6366,1.07069,35.8176,86.5859,3.09675,0.438207
246,0.323939,0.00535423,0.0144538,46.1596,0.913482,50.9705,69.8453,2.35022,0.341991
247,0.383372,0.00507907,0.0126501,43.0742,0.785675,68.0347,57.1206,1.8053,0.266602
248,0.498848,0.00546411,0.0116799,41.77,0.684593,83.4937,48.0431,1.41734,0.207687
249,0.701291,0.0066409,0.0116175,42.8339,0.609725,93.6158,42.5555,1.15568,0.161776
250,1.0463,0.00891545,0.0126527,47.0814,0.563116,96.7925,41.1125,1.00263,0.126125
251,1.63415,0.0128911,0.0151424,55.5589,0.549491,93.8889,45.0943,0.955174,0.0985952
252,2.64225,0.0197307,0.019697,69.5314,0.575891,86.9029,57.5926,1.03121,0.0775559
253,4.35922,0.031725,0.0273214,90.4654,0.651866,77.7744,84.7838,1.2833,0.0618329
254,7.16063,0.0535394,0.0396398,119.8,0.793809,67.9323,137.993,1.82599,0.0507339
255,11.3153,0.0949224,0.059245,158.04,1.03865,58.2828,235.47,2.89337,0.0442746
256,16.668,0.176237,0.0902091,203.349,1.47031,49.3354,400.217,4.96747,0.0440364
257,22.5662,0.338018,0.138732,251.366,2.25839,41.3327,650.116,9.05185,0.0560561
258,28.1424,0.651085,0.213661,297.101,3.70103,34.3506,985.267,17.1605,0.100085
259,32.5298,1.2081,0.325894,336.609,6.22612,28.3671,1383.31,32.8942,0.236253
260,34.8033,2.05903,0.484133,366.827,10.2326,23.3075,1803.19,61.3172,0.623778
261,34.0779,3.08374,0.682972,384.649,15.6899,19.0728,2189.71,106.516,1.58691
262,30.4364,3.92012,0.884632,387.409,21.6961,15.5571,2479.37,166.236,3.54003
263,25.4018,4.16184,1.01837,376.284,26.4819,12.6571,2622.39,227.759,6.58626
264,20.4783,3.74953,1.03034,356.966,28.4288,10.278,2614.38,272.664,10.0627
265,16.2777,3.00339,0.936599,334.568,27.4841,8.33528,2491.73,289.296,12.8626
266,12.8696,2.25214,0.795988,311.413,24.8608,6.75589,2299.26,279.118,14.3285
267,10.1536,1.63808,0.654098,288.345,21.7035,5.47786,2072.08,251.427,14.4964
268,8.00361,1.17663,0.529797,265.779,18.6072,4.44963,1833.88,215.881,13.7346
269,6.30633,0.84101,0.426654,243.999,15.7956,3.62922,1599.84,179.233,12.4335
270,4.96816,0.599926,0.342803,223.202,13.3277,2.98359,1379.17,145.257,10.8935
271,3.91385,0.427582,0.275164,203.518,11.2002,2.48814,1177.06,115.641,9.31523
272,3.0836,0.304632,0.220774,185.018,9.3864,2.12686,995.875,90.8241,7.81898
273,2.43009,0.217003,0.177101,167.733,7.85181,1.89311,836.149,70.5868,6.46839
274,1.91596,0.154582,0.142059,151.665,6.56075,1.79159,697.233,54.4047,5.28953
275,1.51179,0.110134,0.113955,136.794,5.47912,1.84205,577.765,41.6546,4.28531
276,1.19446,0.0784957,0.0914251,123.086,4.57584,2.08571,476.004,31.7223,3.44537
277,0.945881,0.0559845,0.073372,110.497,3.82329,2.59602,390.052,24.0543,2.75273
278,0.75195,0.0399785,0.0589149,98.9795,3.19741,3.49589,318.001,18.1771,2.18793
279,0.601812,0.0286123,0.0473486,88.4879,2.67749,4.98477,258.026,13.699,1.73149
280,0.48729,0.0205608,0.0381103,78.9801,2.24592,7.37836,208.442,10.3038,1.36532
281,0.402506,0.0148855,0.0307529,70.4247,1.88781,11.1597,167.731,7.74064,1.07331
282,0.343708,0.0109261,0.0249244,62.8091,1.59073,17.0227,134.556,5.81325,0.841613
283,0.309311,0.00822394,0.0203524,56.1495,1.34435,25.8406,107.764,4.36983,0.658523
284,0.300254,0.00647061,0.0168333,50.5087,1.14022,38.391,86.3826,3.29419,0.514349
285,0.320822,0.00547447,0.0142263,46.0201,0.971664,54.6093,69.6234,2.4984,0.401156
286,0.380303,0.00514386,0.0124535,42.9243,0.833702,72.5217,56.8876,1.91687,0.31252
287,0.496126,0.00548667,0.0115056,41.6143,0.723272,88.1507,47.8029,1.50183,0.243281
288,0.699874,0.00663177,0.0114585,42.6858,0.639587,97.6574,42.3114,1.22025,0.189332
289,1.04877,0.00888664,0.0125032,46.9728,0.584637,99.7902,40.8756,1.0526,0.14743
290,1.64695,0.0128647,0.0149986,55.5556,0.563431,95.8399,44.9064,0.994371,0.115042
291,2.68011,0.0197605,0.0195578,69.7554,0.583628,88.0234,57.5875,1.06257,0.0902306
292,4.45099,0.0319516,0.0271909,91.1133,0.655541,78.3159,85.3339,1.31027,0.071584
293,7.34845,0.054334,0.0395319,121.122,0.796508,68.1025,139.984,1.85563,0.0582292
294,11.6324,0.0972436,0.0591928,160.221,1.04558,58.2315,240.596,2.94329,0.0500676
295,17.1072,0.182446,0.0902823,206.32,1.49208,49.163,410.828,5.08241,0.0486974
296,23.0824,0.353412,0.13907,254.808,2.31691,41.1035,668.204,9.34249,0.0605835
297,28.6858,0.685672,0.214529,300.658,3.83682,34.1041,1011.39,17.8788,0.107332
298,33.0637,1.27588,0.327763,340.038,6.4995,28.1261,1416.44,34.5298,0.255299
299,35.2939,2.17083,0.487732,369.997,10.7034,23.0845,1841.26,64.6079,0.679654
300,34.4779,3.23581,0.689119,387.464,16.3775,18.8734,2230.12,112.198,1.73177
301,30.7139,4.08905,0.893502,389.756,22.5538,15.383,2519.12,174.552,3.84775
302,25.5799,4.31492,1.02854,378.131,27.4025,12.5076,2658.56,238.097,7.11329
303,20.5972,3.86615,1.03931,358.437,29.2886,10.1511,2645.35,283.742,10.796
304,16.3629,3.08383,0.943017,335.805,28.2137,8.22852,2517.46,299.824,13.7198
305,12.9334,2.30639,0.800163,312.492,25.4582,6.6666,2320.43,288.319,15.2134
306,10.2026,1.67518,0.656863,289.298,22.1926,5.40345,2089.46,259.062,15.3396
307,8.04161,1.20245,0.531751,266.625,19.0109,4.38769,1848.13,222.025,14.4979
308,6.33597,0.859184,0.428115,244.751,16.1305,3.57761,1611.51,184.086,13.1011
309,4.99132,0.612781,0.343931,223.873,13.6063,2.94039,1388.73,149.043,11.4631
310,3.93197,0.436698,0.276049,204.116,11.4321,2.45171,1184.87,118.569,9.79234
311,3.09778,0.311104,0.221475,185.552,9.5796,2.09577,1002.25,93.0735,8.21295
312,2.44118,0.2216,0.177658,168.21,8.01287,1.86614,841.342,72.3059,6.79005
313,1.92462,0.157848,0.142501,152.092,6.6951,1.76772,701.455,55.7133,5.54978
314,1.51853,0.112455,0.114307,137.175,5.59131,1.82047,581.191,42.6473,4.49432
315,1.19969,0.0801439,0.0917055,123.426,4.66962,2.0659,478.778,32.4733,3.61221
316,0.949903,0.0571545,0.0735948,110.8,3.90178,2.57788,392.292,24.6212,2.88523
317,0.755002,0.0408083,0.0590915,99.2491,3.2632,3.48012,319.804,18.6043,2.29272
318,0.604072,0.0291997,0.0474881,88.7267,2.73272,4.97352,259.473,14.0204,1.81407
319,0.488881,0.0209753,0.0382196,79.1901,2.29235,7.37651,209.598,10.5453,1.4302
320,0.403508,0.0151763,0.0308375,70.6076,1.92691,11.1773,168.649,7.92194,1.12416
321,0.344154,0.0111279,0.0249884,62.9653,1.62367,17.0792,135.279,5.94922,0.881377
322,0.309182,0.00836102,0.0203987,56.2785,1.3721,25.9703,108.327,4.4717,0.689561
323,0.299463,0.00655952,0.0168637,50.6082,1.16355,38.6471,86.8138,3.37043,0.538536
324,0.319198,0.00552605,0.0142416,46.0858,0.99115,55.0529,69.9427,2.55538,0.419977
325,0.377538,0.00516432,0.0124531,42.9486,0.849774,73.1811,57.1092,1.95935,0.327145
326,0.491713,0.00547808,0.0114872,41.5861,0.736195,88.9719,47.9336,1.53335,0.25463
327,0.692988,0.00659187,0.0114178,42.5903,0.649489,98.52,42.3483,1.2434,0.198126
328,1.03811,0.00880769,0.0124327,46.7932,0.591552,100.586,40.8003,1.06912,0.154232
329,1.63058,0.012731,0.0148858,55.2771,0.567389,96.5165,44.6757,1.00517,0.120292
330,2.65549,0.0195434,0.0193833,69.3703,0.584756,88.5751,57.1207,1.06763,0.0942705
331,4.41593,0.031601,0.0269239,90.628,0.654076,78.7571,84.5005,1.30844,0.0746762
332,7.30348,0.0537638,0.0391246,120.566,0.79261,68.4525,138.61,1.84443,0.0605718
333,11.5834,0.0963138,0.0585713,159.653,1.03906,58.5083,238.524,2.91827,0.0517992
334,17.0643,0.180958,0.0893355,205.814,1.48231,49.3818,408.038,5.03615,0.0498897
335,23.0559,0.351184,0.13764,254.418,2.30308,41.2765,664.924,9.26383,0.0612054
336,28.6858,0.682846,0.212416,300.414,3.81893,34.241,1008.07,17.7555,0.107172
337,33.1034,1.27361,0.32479,339.965,6.48033,28.2345,1413.69,34.3616,0.253916
338,35.3905,2.17228,0.483941,370.136,10.6913,23.1704,1839.83,64.4382,0.676793
339,34.6365,3.24674,0.685157,387.877,16.389,18.9415,2230.94,112.163,1.72943
340,30.9029,4.11555,0.890887,390.453,22.6147,15.437,2523.08,174.915,3.85514
341,25.7572,4.35639,1.02887,379,27.5381,12.5504,2665.74,239.17,7.15172
342,20.7454,3.91257,1.0426,359.347,29.4935,10.185,2654.81,285.66,10.8907
343,16.4818,3.12487,0.947697,336.696,28.4488,8.25534,2527.99,302.395,13.8771
344,13.0276,2.33825,0.804805,313.349,25.6868,6.68773,2331.13,291.161,15.4161
345,10.2769,1.69857,0.660873,290.116,22.3981,5.41997,2099.77,261.838,15.5625
346,8.10016,1.21927,0.535047,267.4,19.1894,4.40044,1857.75,224.533,14.7202
347,6.38206,0.871196,0.430779,245.481,16.2832,3.58721,1620.25,186.238,13.3092
348,5.0276,0.621342,0.346072,224.556,13.7358,2.94729,1396.52,150.83,11.6498
349,3.96052,0.442794,0.277767,204.752,11.5414,2.45614,1191.72,120.016,9.95471
350,3.12024,0.315443,0.222853,186.141,9.67149,2.09781,1008.19,94.226,8.35103
351,2.45883,0.224689,0.178762,168.754,8.08991,1.86561,846.451,73.2118,6.90545
352,1.93849,0.160046,0.143386,152.592,6.75957,1.76418,705.807,56.418,5.64492
353,1.52941,0.114018,0.115016,137.635,5.64518,1.81305,584.87,43.1911,4.5719
354,1.20821,0.0812558,0.0922731,123.846,4.71461,2.05315,481.865,32.8903,3.67492
355,0.956555,0.0579449,0.0740491,111.183,3.93934,2.55744,394.867,24.9393,2.93556
356,0.76016,0.0413696,0.0594548,99.597,3.29456,3.44826,321.939,18.8458,2.33287
357,0.608023,0.0295977,0.0477781,89.0415,2.75892,4.92445,261.232,14.2031,1.84594
358,0.491837,0.0212566,0.0384505,79.4732,2.31424,7.3015,211.038,10.6832,1.45539
359,0.405614,0.0153739,0.0310204,70.86,1.94522,11.0638,169.821,8.02566,1.14401
360,0.345489,0.011265,0.0251321,63.1872,1.639,16.9112,136.225,6.02705,0.896966
361,0.309755,0.00845356,0.0205096,56.469,1.38492,25.7325,109.083,4.52994,0.701774
362,0.299197,0.00661824,0.0169466,50.7644,1.17426,38.3373,87.4091,3.41386,0.548084
363,0.317892,0.00555745,0.0142995,46.2021,1.00005,54.7062,70.4005,2.58758,0.427427
364,0.374805,0.00517127,0.0124868,43.0155,0.85708,72.8837,57.4459,1.983,0.332948
365,0.486851,0.00545972,0.0114955,41.5887,0.74203,88.8251,48.1573,1.55039,0.259143
366,0.684753,0.00654271,0.0113963,42.5071,0.653878,98.5678,42.4549,1.25518,0.201629
367,1.02428,0.00871524,0.0123731,46.5958,0.594418,100.797,40.765,1.07643,0.156944
368,1.60722,0.0125706,0.0147733,54.9311,0.568574,96.8269,44.4359,1.00816,0.122384
369,2.61592,0.0192673,0.0191936,68.8371,0.584066,88.9274,56.5448,1.06555,0.0958747
370,4.35033,0.0311143,0.0266177,89.8673,0.651254,79.1117,83.3383,1.29907,0.0758906
371,7.20209,0.0528724,0.0386387,119.553,0.787088,68.7865,136.432,1.82301,0.0614629
372,11.4452,0.0946147,0.057806,158.414,1.02935,58.8099,234.717,2.87513,0.0523923
373,16.9035,0.177631,0.0881363,204.458,1.46505,49.6466,402,4.95139,0.050127
374,22.8964,0.344699,0.135777,253.092,2.27194,41.5045,656.442,9.09681,0.060802
375,28.5522,0.670873,0.209578,299.241,3.76385,34.4344,997.564,17.4291,0.105168
376,33.0205,1.25402,0.320642,339.034,6.38957,28.3968,1402.15,33.7536,0.247507
377,35.3879,2.14615,0.478353,369.53,10.5599,23.3053,1828.69,63.4159,0.659353
378,34.7326,3.22198,0.678725,387.693,16.232,19.053,2222,110.706,1.69012
379,31.0676,4.10553,0.885444,390.736,22.4751,15.5285,2518.16,173.28,3.78626
380,25.9327,4.3689,1.02678,379.622,27.4739,12.6253,2665.69,237.897,7.06477
381,20.8997,3.94062,1.04455,360.11,29.5305,10.246,2658.86,285.242,10.82
382,16.6081,3.15554,0.952065,337.493,28.5564,8.30478,2534.68,302.924,13.8524
383,13.1285,2.36417,0.809692,314.143,25.8201,6.72766,2339.17,292.366,15.441
384,10.3568,1.71828,0.665307,290.893,22.5298,5.45205,2108.27,263.359,15.6235
385,8.16327,1.23365,0.538768,268.15,19.3091,4.42603,1866.14,226.097,14.8011
386,6.43182,0.881535,0.433815,246.198,16.3882,3.60738,1628.19,187.688,13.397
387,5.0668,0.628733,0.348524,225.234,13.8262,2.96284,1403.82,152.093,11.7361
388,3.99139,0.448067,0.27974,205.39,11.6185,2.46765,1198.28,121.075,10.0346
389,3.14454,0.3192,0.224436,186.737,9.73668,2.10555,1013.99,95.0903,8.42197
390,2.47795,0.227364,0.180033,169.309,8.14478,1.86958,851.501,73.9032,6.96669
391,1.95352,0.161951,0.144405,153.106,6.80558,1.76397,710.158,56.9631,5.69668
392,1.54122,0.115374,0.115833,138.108,5.68365,1.80772,588.582,43.6161,4.61494
393,1.21748,0.0822207,0.0929278,124.281,4.7467,2.04095,485.007,33.2186,3.71025
394,0.963796,0.0586311,0.0745735,111.581,3.96608,2.53542,397.505,25.1912,2.96427
395,0.765791,0.0418572,0.0598745,99.9606,3.31682,3.41157,324.138,19.0379,2.356
396,0.612355,0.0299436,0.0481136,89.3716,2.77743,4.86538,263.054,14.3489,1.86446
397,0.495104,0.0215012,0.0387181,79.7713,2.32965,7.20802,212.538,10.7934,1.47013
398,0.407974,0.0155458,0.031233,71.1269,1.95803,10.918,171.046,8.10867,1.15569
399,0.347035,0.0113841,0.0252997,63.423,1.64966,16.6884,137.219,6.08936,0.906185
400,0.310505,0.00853376,0.0206401,56.6727,1.39379,25.4051,109.881,4.57653,0.709027
401,0.299077,0.00666861,0.0170455,50.933,1.18163,37.8898,88.0406,3.44852,0.553773
402,0.316701,0.00558336,0.0143704,46.3301,1.00614,54.1664,70.8893,2.61316,0.43188
403,0.372145,0.00517475,0.0125312,43.093,0.862059,72.3518,57.809,2.00162,0.336425
404,0.481993,0.00543926,0.0115126,41.6003,0.745983,88.4416,48.4032,1.56358,0.261852
405,0.676382,0.00649217,0.0113821,42.43,0.656804,98.4192,42.5798,1.26396,0.203735
406,1.01001,0.0086213,0.0123191,46.3992,0.596216,100.871,40.7434,1.08134,0.158577
407,1.58273,0.0124071,0.0146649,54.5765,0.569044,97.0571,44.2022,1.00918,0.123643
408,2.57366,0.018983,0.0190059,68.2784,0.582935,89.2414,55.9592,1.06177,0.0968365
409,4.27882,0.030606,0.0263102,89.0534,0.648148,79.4558,82.128,1.28807,0.0766103
410,7.08908,0.0519253,0.0381464,118.445,0.781275,69.1264,134.115,1.79961,0.0619727
411,11.2877,0.0927738,0.0570255,157.03,1.01906,59.1265,230.581,2.82866,0.0526893
412,16.7163,0.173951,0.0869064,202.91,1.44637,49.9306,395.303,4.85952,0.0501243
413,22.7063,0.337363,0.133856,251.55,2.23735,41.7527,646.852,8.91294,0.0601654
414,28.3872,0.657009,0.206636,297.851,3.70107,34.6473,985.476,17.0626,0.102796
415,32.9081,1.23072,0.316308,337.9,6.28357,28.577,1388.64,33.0555,0.24014
416,35.3599,2.11389,0.472449,368.744,10.4024,23.4562,1815.33,62.213,0.639069
417,34.8117,3.18893,0.671801,387.36,16.037,19.1784,2210.75,108.937,1.64329
418,31.2255,4.08666,0.879357,390.911,22.2888,15.632,2511.08,171.192,3.70108
419,26.1081,4.37417,1.02407,380.179,27.3617,12.7102,2663.85,236.073,6.94975
420,21.0561,3.96417,1.0461,360.839,29.5265,10.3154,2661.59,284.264,10.711
421,16.7369,3.18386,0.95632,338.27,28.6336,8.36122,2540.44,302.964,13.7848
422,13.2317,2.3889,0.814632,314.925,25.9313,6.77338,2346.57,293.183,15.424
423,10.4386,1.73731,0.669852,291.662,22.645,5.48892,2116.35,264.588,15.6467
424,8.2279,1.24761,0.542605,268.896,19.4159,4.45555,1874.27,227.446,14.8492
425,6.48279,0.891591,0.436953,246.913,16.4827,3.63078,1635.97,188.981,13.4572
426,5.10697,0.635929,0.351061,225.914,13.9082,2.98105,1411.03,153.243,11.7995
427,4.02302,0.453202,0.281781,206.031,11.6886,2.48133,1204.8,122.052,10.0957
428,3.16944,0.322861,0.226076,187.337,9.79613,2.11508,1019.78,95.8939,8.47775
429,2.49755,0.229972,0.181349,169.868,8.1949,1.87502,856.562,74.5502,7.01577
430,1.96893,0.163808,0.145461,153.624,6.84763,1.76495,714.531,57.4756,5.73873
431,1.55333,0.116696,0.116679,138.587,5.71882,1.80332,592.322,44.017,4.65027
432,1.22698,0.0831615,0.0936062,124.721,4.77604,2.02942,488.178,33.5292,3.73949
433,0.971228,0.0593003,0.0751169,111.985,3.99051,2.51374,400.172,25.4299,2.98818
434,0.771574,0.0423328,0.0603095,100.329,3.33713,3.37477,326.366,19.2202,2.37537
435,0.616811,0.0302811,0.0484614,89.7065,2.7943,4.80547,264.902,14.4875,1.88003
436,0.498471,0.0217399,0.0389956,80.074,2.34366,7.11249,214.06,10.8982,1.48257
437,0.410418,0.0157136,0.0314536,71.3982,1.96967,10.768,172.292,8.18764,1.16557
438,0.348652,0.0115004,0.0254739,63.6631,1.65932,16.4579,138.23,6.14863,0.914001
439,0.311317,0.0086121,0.0207759,56.8805,1.40181,25.0639,110.694,4.62084,0.715188
440,0.299015,0.00671783,0.0171488,51.1057,1.18828,37.4186,88.6851,3.48147,0.558614
441,0.315568,0.00560866,0.0144449,46.462,1.01163,53.5897,71.3893,2.63746,0.435674
442,0.369547,0.00517806,0.0125787,43.1746,0.866539,71.7701,58.1817,2.01927,0.339391
443,0.477206,0.00541901,0.0115324,41.616,0.749536,88.0032,48.6575,1.57602,0.264166
444,0.668096,0.00644224,0.0113703,42.3569,0.659426,98.2225,42.7124,1.27216,0.205535
445,0.995846,0.00852842,0.0122676,46.2064,0.597801,100.912,40.7294,1.08581,0.159973
446,1.55834,0.0122453,0.0145589,54.2248,0.569387,97.2669,43.9771,1.00987,0.12472
447,2.53144,0.0187011,0.0188208,67.7204,0.581747,89.5458,55.3836,1.05775,0.0976579
448,4.20704,0.0301012,0.0260058,88.2357,0.645037,79.7976,80.9293,1.27694,0.0772223
449,6.97487,0.0509829,0.0376579,117.325,0.775488,69.4685,131.807,1.77621,0.0624005
450,11.1272,0.0909375,0.0562498,155.621,1.00882,59.4475,226.435,2.78233,0.0529247
451,16.5239,0.170267,0.0856825,201.323,1.42771,50.2199,388.544,4.76787,0.0500778
452,22.5093,0.329986,0.131942,249.958,2.20263,42.0065,637.104,8.72904,0.0595031
453,28.2143,0.642974,0.203697,296.409,3.63768,34.8656,973.105,16.6945,0.100422
454,32.7875,1.20693,0.311967,336.714,6.17575,28.7622,1374.72,32.3502,0.23279
455,35.3239,2.08051,0.466506,367.909,10.2407,23.6116,1801.46,60.9878,0.618709
456,34.8843,3.15395,0.664767,386.981,15.8345,19.3076,2198.92,107.115,1.5958
457,31.3806,4.06529,0.873058,391.05,22.0913,15.7387,2503.41,169.009,3.61352
458,26.2836,4.37722,1.02109,380.716,27.2363,12.7979,2661.48,234.115,6.82917
459,21.2137,3.98642,1.04746,361.557,29.5109,10.387,2663.92,283.139,10.5931
460,16.867,3.21168,0.960495,339.041,28.7026,8.41957,2545.93,302.871,13.7067
461,13.336,2.41349,0.819576,315.704,26.0372,6.82068,2353.81,293.898,15.3967
462,10.5214,1.75634,0.674431,292.43,22.7567,5.52708,2124.34,265.746,15.6608
463,8.29326,1.2616,0.546481,269.643,19.5201,4.48614,1882.34,228.748,14.8896
464,6.53435,0.901673,0.440126,247.629,16.5754,3.65506,1643.74,190.243,13.5112
465,5.1476,0.643146,0.353627,226.595,13.9886,2.99999,1418.24,154.373,11.858
466,4.05502,0.458353,0.283847,206.673,11.7575,2.49562,1211.33,123.015,10.1528
467,3.19464,0.326533,0.227736,187.939,9.8546,2.12513,1025.58,96.6886,8.53038
468,2.51738,0.232588,0.18268,170.429,8.24421,1.8809,861.644,75.1914,7.06236
469,1.98453,0.165671,0.146529,154.145,6.88903,1.76632,718.927,57.9842,5.77884
470,1.56559,0.118023,0.117536,139.068,5.75344,1.79928,596.085,44.4153,4.68408
471,1.23659,0.0841055,0.0942928,125.164,4.80492,2.01824,491.37,33.838,3.76754
472,0.978752,0.0599718,0.075667,112.39,4.01455,2.49242,402.859,25.6674,3.01117
473,0.77743,0.0428101,0.0607498,100.7,3.35711,3.33838,328.611,19.4017,2.39402
474,0.621326,0.0306198,0.0488135,90.0434,2.8109,4.74604,266.765,14.6254,1.89504
475,0.501886,0.0219795,0.0392766,80.3785,2.35744,7.01752,215.596,11.0026,1.49457
476,0.412904,0.015882,0.0316771,71.6713,1.9811,10.6186,173.549,8.26631,1.17512
477,0.350306,0.0116173,0.0256504,63.905,1.66881,16.2278,139.251,6.2077,0.921558
478,0.312165,0.00869092,0.0209136,57.0901,1.40969,24.7224,111.515,4.66501,0.721148
479,0.29899,0.00676749,0.0172537,51.2803,1.1948,36.9449,89.3367,3.51431,0.5633
480,0.314479,0.00563442,0.0145208,46.5961,1.01702,53.0057,71.8954,2.66168,0.439348
481,0.367006,0.0051819,0.0126275,43.2585,0.870937,71.1745,58.5598,2.03686,0.342265
482,0.472502,0.00539946,0.0115534,41.6345,0.753025,87.5459,48.9169,1.58843,0.266408
483,0.659941,0.00639333,0.0113599,42.2875,0.662005,98.0071,42.8501,1.28034,0.20728
484,0.981893,0.00843712,0.0122177,46.018,0.599369,100.937,40.7216,1.09028,0.161326
485,1.53431,0.012086,0.014455,53.8782,0.569737,97.4676,43.7605,1.01058,0.125764
486,2.4898,0.0184238,0.0186387,67.1683,0.580591,89.8455,54.8219,1.05382,0.0984545
487,4.1361,0.0296048,0.0257058,87.4243,0.641979,80.1375,79.7539,1.26602,0.0778157
488,6.86155,0.0500568,0.0371761,116.209,0.76979,69.8105,129.537,1.75322,0.0628149
489,10.9671,0.0891337,0.0554842,154.212,0.998732,59.7696,222.343,2.73682,0.0531521
490,16.3307,0.166647,0.0844741,199.73,1.40935,50.5108,381.842,4.67784,0.0500312
491,22.3104,0.322725,0.130051,248.353,2.16841,42.262,627.393,8.54836,0.0588594
492,28.0386,0.629111,0.200791,294.948,3.57506,35.0857,960.724,16.3324,0.0981178
493,32.6632,1.18328,0.307665,335.508,6.0688,28.949,1360.73,31.654,0.225643
494,35.2832,2.04705,0.460594,367.051,10.0794,23.7684,1787.44,59.7724,0.598816
495,34.9525,3.11837,0.65772,386.578,15.6308,19.438,2186.87,105.296,1.54905
496,31.5337,4.04278,0.866661,391.167,21.8903,15.8465,2495.46,166.807,3.52648
497,26.4592,4.37909,1.01795,381.239,27.1051,12.8865,2658.85,232.111,6.70778
498,21.3723,4.00802,1.04867,362.271,29.4896,10.4595,2666.06,281.951,10.4725
499,16.9981,3.23936,0.964609,339.811,28.768,8.47857,2551.3,302.721,13.6247
500,13.4411,2.43818,0.824521,316.482,26.1414,6.86853,2360.98,294.572,15.3656
501,10.6048,1.7755,0.679036,293.198,22.8675,5.56569,2132.28,266.879,15.6717
502,8.3592,1.2757,0.550387,270.389,19.6239,4.51711,1890.41,230.037,14.9277
503,6.58636,0.911844,0.443326,248.347,16.6678,3.67965,1651.5,191.499,13.5634
504,5.18859,0.650427,0.356216,227.277,14.0689,3.01919,1425.46,155.501,11.9151
505,4.08731,0.463551,0.285931,207.316,11.8263,2.51013,1217.87,123.978,10.209
506,3.22005,0.330239,0.22941,188.543,9.91306,2.13537,1031.4,97.485,8.58234
507,2.53738,0.235229,0.184024,170.991,8.29353,1.88696,866.748,75.8345,7.10848
508,2.00026,0.167552,0.147607,154.666,6.93043,1.76789,723.344,58.4947,5.81861
509,1.57795,0.119361,0.1184,139.55,5.78808,1.79546,599.868,44.8154,4.71765
510,1.24629,0.0850582,0.0949856,125.608,4.83381,2.00734,494.58,34.1483,3.79543
511,0.986343,0.0606495,0.076222,112.797,4.0386,2.47149,405.562,25.9061,3.03404
512,0.783341,0.0432918,0.0611942,101.071,3.3771,3.30254,330.87,19.5842,2.41259
513,0.625886,0.0309617,0.0491688,90.3815,2.82751,4.68743,268.64,14.7642,1.90999
514,0.505339,0.0222214,0.0395602,80.6843,2.37122,6.92378,217.143,11.1076,1.50653
515,0.415421,0.0160521,0.0319026,71.9456,1.99254,10.4711,174.815,8.34546,1.18463
516,0.351989,0.0117354,0.0258286,64.148,1.6783,16.0003,140.28,6.26713,0.929093
517,0.313041,0.00877066,0.0210528,57.3009,1.41756,24.3841,112.343,4.70945,0.727091
518,0.298998,0.00681788,0.0173598,51.4563,1.20133,36.4741,89.9938,3.54736,0.567974
519,0.313431,0.00566083,0.0145979,46.7317,1.02241,52.4222,72.4063,2.68606,0.443013
520,0.364524,0.00518642,0.0126774,43.3444,0.875335,70.5743,58.9421,2.05458,0.345132
521,0.467887,0.00538073,0.0115756,41.6556,0.75652,87.0792,49.1803,1.60093,0.268646
522,0.651928,0.00634552,0.0113507,42.2214,0.664597,97.7808,42.9922,1.28861,0.209022
523,0.968181,0.00834751,0.0121693,45.8341,0.600959,100.955,40.7194,1.09484,0.162677
524,1.5107,0.0119295,0.0143533,53.5375,0.570123,97.6628,43.5525,1.01141,0.126806
525,2.44889,0.0181515,0.0184597,66.6236,0.579484,90.1425,54.2748,1.05005,0.0992503
526,4.06629,0.029118,0.0254105,86.6217,0.638989,80.4768,78.6045,1.25536,0.078409
527,6.74967,0.0491496,0.0367015,115.103,0.764195,70.153,127.312,1.73074,0.0632303
528,10.8082,0.0873687,0.05473,152.81,0.988831,60.0927,218.322,2.69227,0.0533826
529,16.138,0.163106,0.0832832,198.138,1.39133,50.8031,375.23,4.58975,0.0499938
530,22.1109,0.315616,0.128187,246.744,2.13485,42.5191,617.767,8.37162,0.058243
531,27.8613,0.615501,0.197923,293.478,3.51355,35.3072,948.399,15.9778,0.0958973
532,32.5363,1.15995,0.303412,334.29,5.96339,29.1371,1346.74,30.9709,0.218737
533,35.239,2.01377,0.454729,366.178,9.91956,23.9263,1773.36,58.5747,0.579508
534,35.0169,3.08255,0.650685,386.157,15.4275,19.5695,2174.69,103.492,1.50337
535,31.6848,4.0195,0.860194,391.267,21.6876,15.9552,2487.32,164.605,3.44066
536,26.6348,4.38005,1.01465,381.753,26.9702,12.9758,2656.03,230.083,6.58679
537,21.5316,4.02912,1.04974,362.98,29.4643,10.5325,2668.05,280.723,10.3507
538,17.1301,3.26699,0.968662,340.58,28.8309,8.53807,2556.57,302.533,13.5406
539,13.5471,2.46302,0.829464,317.26,26.2446,6.91679,2368.1,295.221,15.3325
540,10.6889,1.79484,0.683662,293.967,22.9782,5.60465,2140.21,267.999,15.681
541,8.42567,1.28994,0.554318,271.137,19.7279,4.54836,1898.47,231.322,14.9647
542,6.63879,0.922123,0.446549,249.065,16.7605,3.70447,1659.28,192.756,13.615
543,5.22991,0.657788,0.358824,227.961,14.1495,3.03859,1432.7,156.632,11.9719
544,4.11986,0.468806,0.288031,207.961,11.8954,2.52483,1224.45,124.946,10.2651
545,3.24568,0.333985,0.231097,189.147,9.97177,2.14578,1037.25,98.2861,8.6343
546,2.55755,0.237898,0.185378,171.555,8.34307,1.89319,871.876,76.4819,7.15466
547,2.01612,0.169452,0.148693,155.19,6.97203,1.76963,727.783,59.0089,5.85847
548,1.59042,0.120715,0.119271,140.033,5.82288,1.79186,603.671,45.2184,4.75133
549,1.25607,0.0860214,0.0956837,126.053,4.86284,1.99672,497.809,34.4611,3.82342
550,0.993999,0.0613347,0.0767813,113.206,4.06277,2.45095,408.281,26.1468,3.05701
551,0.789304,0.0437788,0.0616419,101.444,3.39719,3.26729,333.144,19.7682,2.43124
552,0.630487,0.0313074,0.0495269,90.7208,2.84419,4.62973,270.528,14.9041,1.92502
553,0.508826,0.0224661,0.039846,80.9912,2.38507,6.83144,218.699,11.2135,1.51855
554,0.417967,0.0162242,0.03213,72.221,2.00403,10.3256,176.09,8.4253,1.1942
555,0.3537,0.011855,0.0260084,64.3921,1.68784,15.7758,141.316,6.32709,0.936669
556,0.313946,0.00885147,0.0211931,57.5129,1.42547,24.0497,113.177,4.75429,0.73307
557,0.299038,0.00686913,0.0174669,51.6335,1.20789,36.0074,90.6563,3.58072,0.572676
558,0.312423,0.00568798,0.0146758,46.8689,1.02782,51.8409,72.9218,2.71067,0.4467
559,0.362098,0.00519165,0.0127281,43.4322,0.879759,69.9718,59.3286,2.07248,0.348016
560,0.463358,0.00536282,0.0115987,41.6792,0.760039,86.6052,49.4477,1.61359,0.270897
561,0.644057,0.00629883,0.0113427,42.1587,0.667217,97.5455,43.1387,1.29701,0.210775
562,0.954711,0.00825959,0.0121225,45.6547,0.602583,100.964,40.7227,1.09951,0.164037
563,1.48751,0.0117759,0.0142537,53.2027,0.57055,97.8532,43.353,1.01235,0.127856
564,2.4087,0.0178843,0.0182839,66.0864,0.57843,90.4371,53.7423,1.04646,0.100052
565,3.99764,0.0286406,0.02512,85.8284,0.636069,80.8153,77.4813,1.24499,0.0790071
566,6.63931,0.0482614,0.0362342,114.007,0.758705,70.4959,125.133,1.70876,0.0636504
567,10.6506,0.0856429,0.0539871,151.417,0.979118,60.4168,214.372,2.6487,0.0536191
568,15.9459,0.159645,0.0821099,196.549,1.37368,51.0966,368.712,4.50364,0.0499676
569,21.911,0.308664,0.12635,245.131,2.10197,42.7773,608.238,8.19891,0.0576554
570,27.6827,0.602158,0.195095,292.001,3.4532,35.5299,936.146,15.6312,0.0937616
571,32.4072,1.13697,0.29921,333.061,5.85963,29.3263,1332.78,30.3015,0.212075
572,35.1914,1.98074,0.448916,365.291,9.76147,24.0852,1759.25,57.3961,0.560799
573,35.0777,3.04658,0.643667,385.719,15.2251,19.7018,2162.41,101.706,1.45881
574,31.834,3.99553,0.853664,391.35,21.4838,16.0646,2479.02,162.407,3.35621
575,26.8105,4.38016,1.01122,382.255,26.8319,13.0657,2653.02,228.036,6.46648
576,21.6919,4.04976,1.05067,363.686,29.4352,10.6061,2669.89,279.461,10.2281
577,17.2631,3.2946,0.972652,341.348,28.8917,8.598,2561.76,302.311,13.4547
578,13.6539,2.48802,0.834402,318.038,26.3471,6.9654,2375.17,295.846,15.2976
579,10.7737,1.81436,0.688308,294.736,23.089,5.64389,2148.12,269.109,15.6891
580,8.49266,1.30434,0.558273,271.885,19.8322,4.57985,1906.54,232.604,15.0009
581,6.69164,0.932514,0.449795,249.784,16.8536,3.7295,1667.07,194.016,13.6662
582,5.27156,0.66523,0.361451,228.645,14.2305,3.05816,1439.96,157.768,12.0286
583,4.15267,0.47412,0.290146,208.608,11.9649,2.53967,1231.04,125.92,10.3212
584,3.27151,0.337774,0.232796,189.753,10.0308,2.15633,1043.13,99.0923,8.68639
585,2.57788,0.240597,0.186742,172.12,8.39288,1.89956,877.027,77.1339,7.20101
586,2.03211,0.171375,0.149788,155.714,7.01387,1.77153,732.244,59.5271,5.89852
587,1.60299,0.122083,0.120149,140.518,5.85788,1.78846,607.494,45.6248,4.78519
588,1.26594,0.0869954,0.0963869,126.499,4.89204,1.98637,501.056,34.7765,3.85157
589,1.00172,0.0620276,0.0773447,113.615,4.08708,2.43081,411.016,26.3896,3.08012
590,0.795317,0.0442714,0.0620931,101.818,3.41741,3.23264,335.431,19.9539,2.45002
591,0.635129,0.031657,0.0498877,91.0611,2.86098,4.57293,272.427,15.0453,1.94015
592,0.512347,0.0227135,0.040134,81.2991,2.399,6.7405,220.266,11.3204,1.53066
593,0.420543,0.0163983,0.0323591,72.4975,2.01559,10.1823,177.374,8.50589,1.20383
594,0.355437,0.011976,0.0261895,64.6373,1.69743,15.5544,142.36,6.38762,0.944301
595,0.314878,0.00893339,0.0213347,57.726,1.43343,23.7194,114.017,4.79956,0.739092
596,0.299108,0.00692125,0.0175751,51.8119,1.21448,35.5451,91.3241,3.61441,0.577413
597,0.311455,0.00571586,0.0147548,47.0074,1.03327,51.2623,73.4419,2.73554,0.450415
598,0.359729,0.00519761,0.0127798,43.5219,0.884212,69.3675,59.7192,2.09057,0.350923
599,0.458916,0.00534574,0.0116228,41.7052,0.763587,86.1246,49.7191,1.62639,0.273166
